0.000	19.961	15.695	23.247	23.047	30.371	31.578	32.743	35.819	36.033	
19.961	0.000	20.191	12.595	24.554	18.813	29.874	25.425	38.248	30.558	
15.695	20.191	0.000	13.743	7.367	18.671	15.891	18.297	20.875	20.739	
23.247	12.595	13.743	0.000	14.467	7.401	17.777	12.875	26.800	17.963	
23.047	24.554	7.367	14.467	0.000	16.357	8.627	13.047	14.116	14.159	
30.371	18.813	18.671	7.401	16.357	0.000	15.746	7.943	25.356	13.246	
31.578	29.874	15.891	17.777	8.627	15.746	0.000	8.784	9.609	6.702	
32.743	25.425	18.297	12.875	13.047	7.943	8.784	0.000	18.158	5.353	
35.819	38.248	20.875	26.800	14.116	25.356	9.609	18.158	0.000	14.475	
36.033	30.558	20.739	17.963	14.159	13.246	6.702	5.353	14.475	0.000	
75.455160 36.992250 54.503740 19.269930 20.093530 17.650830 56.770230 17.080500 18.831190 16.385700
25.793680 38.375560 24.997800 26.576220 18.289200 23.168780 38.161870 20.412130 12.482780 16.597520
66.812590 39.315400 51.186310 22.408500 24.202840 20.514430 70.558250 20.242000 22.999690 19.424020
17.329130 33.119610 18.761160 24.907980 16.361600 22.929530 40.161070 23.146280 11.420450 18.670240
17.485420 25.137020 21.182770 19.093040 23.480380 18.306310 73.409770 20.087670 23.889580 19.434310
11.607170 18.441950 12.168340 16.115400 11.117000 16.942850 37.166850 21.828940 9.556350 18.066350
82.372600 77.535140 90.449230 67.791970 95.057940 72.635600 312.258790 98.826690 110.006660 110.368410
35.143120 41.734510 36.299460 48.415280 35.711070 57.578140 173.373140 89.946000 41.226350 91.825380
12.196230 11.899530 15.345270 10.239040 18.935880 11.158610 67.875160 15.064250 23.622110 20.372560
21.717650 24.963930 22.806940 27.790220 23.083630 32.891690 109.098310 50.846560 30.247210 63.327840	
28766.736921
28376.761527
29774.238965
24301.334212
25853.461856
20762.874300
34166.355726
33859.209322
24717.891218
33686.431972
0
2198.532635
6106.711881
2226.593104
4515.466789
4423.706323
5748.026876
6109.336283
6425.976443
4740.035887
6238.554903