0.000	2.015	23.112	22.048	17.845	23.781	22.710	17.674	18.071	18.001	27.075	23.733	29.389	34.168	35.852	39.071	44.529	46.897	50.989	51.317	30.565	31.745	30.486	32.982	32.957	35.423	31.733	31.188	32.157	34.659	35.073	37.977	36.273	38.554	41.353	41.677	44.556	43.902	44.483	54.016	32.833	35.393	36.258	38.199	38.158	38.070	40.319	41.549	40.777	42.228	43.802	44.020	45.157	44.185	45.769	46.931	49.288	52.243	54.313	54.127	41.690	44.034	41.779	44.003	42.918	45.241	47.008	46.328	45.476	48.905	48.693	47.175	47.958	47.294	49.032	48.592	48.892	50.121	53.270	56.591	49.527	48.401	48.569	49.082	47.792	49.954	49.286	49.843	51.393	50.909	51.616	49.807	51.317	53.954	52.197	50.513	54.168	52.590	54.072	54.815	
2.015	0.000	21.099	20.104	16.268	22.017	21.061	17.586	18.156	17.335	25.387	22.835	28.051	32.807	34.733	37.747	43.534	46.054	50.125	50.670	28.551	29.731	28.497	31.034	31.041	33.510	29.918	29.434	30.433	32.916	33.359	36.225	34.705	36.913	39.683	40.048	42.958	42.395	42.971	52.618	30.893	33.380	34.252	36.197	36.191	36.163	38.415	39.691	38.969	40.434	41.982	42.252	43.391	42.486	44.060	45.231	47.642	50.674	52.749	52.620	39.688	42.020	39.798	42.017	40.951	43.264	45.038	44.382	43.560	46.977	46.767	45.283	46.063	45.428	47.148	46.740	47.085	48.388	51.561	54.979	47.597	46.443	46.595	47.076	45.778	47.940	47.281	47.844	49.416	48.964	49.671	47.891	49.392	52.014	50.287	48.620	52.263	50.722	52.215	52.976	
23.112	21.099	0.000	4.749	12.886	10.141	12.176	26.916	28.430	22.456	13.191	22.909	20.543	23.555	28.311	27.983	37.147	41.148	44.530	47.483	7.668	8.642	7.899	11.318	12.093	14.408	13.515	14.441	15.778	17.345	18.260	19.978	21.852	22.501	24.424	25.401	28.462	29.333	29.767	40.130	12.993	12.281	13.205	15.212	15.818	16.979	19.132	21.198	21.402	23.009	23.998	25.127	26.221	26.463	27.755	28.979	32.025	35.973	37.975	38.657	19.229	20.928	19.115	21.224	20.468	22.593	24.459	24.200	23.878	27.014	26.851	25.949	26.649	26.507	27.881	27.994	29.036	31.402	34.790	39.428	28.724	26.985	26.788	26.389	24.691	26.847	26.217	26.856	28.695	28.720	29.417	28.101	29.441	31.791	30.531	29.170	32.563	31.603	33.217	34.232	
22.048	20.104	4.749	0.000	8.627	5.526	7.430	22.963	24.525	18.251	8.926	18.237	15.956	19.269	23.798	23.898	32.760	36.658	40.135	42.907	11.068	11.298	8.817	10.935	10.992	13.470	10.805	11.153	12.444	14.452	15.220	17.476	18.242	19.378	21.653	22.441	25.524	25.992	26.474	36.824	17.533	14.547	14.933	16.652	16.154	16.137	18.389	19.917	19.581	21.146	22.453	23.155	24.290	24.034	25.465	26.690	29.539	33.231	35.282	35.726	22.519	23.033	19.855	22.125	20.909	23.283	25.006	24.280	23.489	26.881	26.675	25.294	26.057	25.564	27.187	26.949	27.593	29.463	32.798	37.015	32.655	30.715	30.352	29.292	26.774	28.837	27.750	28.122	29.425	28.862	29.569	27.817	29.301	31.910	30.224	28.618	32.217	30.827	32.370	33.232	
17.845	16.268	12.886	8.627	0.000	6.715	4.968	14.375	15.953	9.631	9.392	10.642	12.271	16.858	19.747	21.855	28.918	32.176	36.033	37.792	19.691	19.804	16.827	17.777	17.111	19.371	14.684	13.734	14.547	17.104	17.402	20.428	18.439	20.726	23.557	23.839	26.712	26.140	26.713	36.485	25.877	22.832	22.940	24.409	23.080	21.823	23.977	24.645	23.505	24.849	26.568	26.497	27.618	26.439	28.041	29.180	31.459	34.410	36.484	36.361	31.068	31.031	26.918	29.233	27.639	30.148	31.662	30.467	29.161	32.703	32.453	30.524	31.334	30.380	32.271	31.543	31.536	32.451	35.529	38.746	41.281	39.334	38.944	37.659	34.693	36.660	35.239	35.374	36.130	34.937	35.632	33.412	35.019	37.860	35.698	33.829	37.569	35.636	37.017	37.618	
23.781	22.017	10.141	5.526	6.715	0.000	2.612	20.339	21.946	15.257	3.783	13.738	10.433	13.857	18.273	18.611	27.264	31.135	34.633	37.385	15.031	14.602	11.064	11.290	10.465	12.672	8.062	7.418	8.463	10.904	11.401	14.208	13.527	15.215	17.831	18.365	21.391	21.406	21.931	32.152	22.364	17.124	16.928	18.178	16.514	15.109	17.265	18.022	17.040	18.460	20.087	20.240	21.377	20.534	22.086	23.273	25.828	29.175	31.252	31.439	25.718	24.880	20.352	22.662	20.993	23.514	24.988	23.756	22.453	25.992	25.745	23.858	24.665	23.776	25.630	24.987	25.139	26.377	29.578	33.262	36.435	34.259	33.689	31.850	28.451	30.341	28.761	28.812	29.451	28.222	28.918	26.717	28.317	31.149	29.018	27.175	30.907	29.055	30.474	31.137	
22.710	21.061	12.176	7.430	4.968	2.612	0.000	17.849	19.456	12.734	4.425	11.176	8.961	12.996	16.850	17.935	25.991	29.666	33.305	35.735	17.561	17.194	13.676	13.771	12.820	14.906	9.889	8.795	9.580	12.139	12.438	15.462	13.730	15.853	18.644	18.987	21.914	21.550	22.107	32.107	24.730	19.735	19.519	20.727	18.918	17.226	19.313	19.798	18.573	19.896	21.637	21.530	22.650	21.498	23.094	24.242	26.584	29.660	31.738	31.730	28.329	27.437	22.743	25.044	23.298	25.830	27.239	25.890	24.455	28.004	27.746	25.714	26.527	25.506	27.426	26.637	26.580	27.493	30.589	33.922	39.022	36.860	36.299	34.449	30.981	32.845	31.196	31.190	31.685	30.290	30.978	28.657	30.281	33.163	30.905	28.997	32.746	30.740	32.100	32.677	
17.674	17.586	26.916	22.963	14.375	20.339	17.849	0.000	1.607	5.153	21.444	10.131	18.708	22.970	22.195	26.977	29.461	30.899	35.008	34.439	34.027	34.179	31.115	31.614	30.650	32.639	27.309	25.746	26.036	28.467	28.330	31.493	27.257	30.252	33.189	32.896	35.122	33.377	33.976	41.769	39.751	37.159	37.165	38.505	36.758	34.798	36.751	36.723	35.022	36.043	37.977	37.200	38.202	36.217	37.823	38.758	40.180	41.952	43.870	43.014	45.443	45.193	40.573	42.866	41.056	43.593	44.917	43.394	41.730	45.253	44.976	42.659	43.470	42.158	44.191	43.051	42.419	42.282	44.847	46.634	55.565	53.674	53.310	51.986	48.787	50.679	49.042	49.003	49.320	47.630	48.295	45.741	47.398	50.359	47.832	45.794	49.522	47.143	48.303	48.610	
18.071	18.156	28.430	24.525	15.953	21.946	19.456	1.607	0.000	6.750	23.033	11.466	20.122	24.295	23.269	28.183	30.244	31.475	35.566	34.738	35.583	35.756	32.711	33.220	32.255	34.238	28.898	27.322	27.595	30.013	29.859	33.017	28.692	31.707	34.635	34.311	36.487	34.675	35.272	42.872	41.228	38.752	38.766	40.110	38.363	36.388	38.333	38.279	36.557	37.561	39.501	38.690	39.683	37.660	39.261	40.181	41.543	43.228	45.127	44.220	47.017	46.797	42.178	44.469	42.655	45.192	46.510	44.977	43.301	46.820	46.543	44.210	45.021	43.693	45.730	44.572	43.907	43.710	46.236	47.918	57.103	55.229	54.876	53.579	50.393	52.286	50.647	50.606	50.910	49.202	49.865	47.298	48.956	51.921	49.378	47.335	51.058	48.658	49.804	50.095	
18.001	17.335	22.456	18.251	9.631	15.257	12.734	5.153	6.750	0.000	16.294	6.165	14.083	18.604	18.718	22.970	26.848	28.951	33.058	33.344	29.304	29.333	26.143	26.505	25.513	27.488	22.158	20.614	20.937	23.395	23.299	26.470	22.499	25.425	28.377	28.178	30.549	29.020	29.622	37.989	35.419	32.207	32.145	33.435	31.624	29.647	31.607	31.622	29.969	31.031	32.948	32.258	33.282	31.409	33.027	34.003	35.594	37.629	39.598	38.906	40.597	40.135	35.434	37.723	35.905	38.442	39.764	38.248	36.602	40.130	39.855	37.567	38.379	37.100	39.123	38.028	37.476	37.506	40.179	42.271	50.905	48.933	48.509	47.016	43.705	45.578	43.910	43.858	44.169	42.500	43.167	40.636	42.291	45.246	42.748	40.725	44.461	42.131	43.323	43.673	
27.075	25.387	13.191	8.926	9.392	3.783	4.425	21.444	23.033	16.294	0.000	13.296	7.696	10.379	15.198	14.976	23.956	27.987	31.340	34.406	16.714	15.851	11.960	10.893	9.569	11.290	5.865	4.453	5.157	7.720	8.019	11.039	9.754	11.579	14.299	14.730	17.720	17.635	18.165	28.370	24.526	17.711	17.123	17.979	15.615	13.356	15.321	15.545	14.201	15.494	17.262	17.107	18.226	17.111	18.698	19.856	22.275	25.498	27.577	27.703	26.444	24.642	19.344	21.594	19.682	22.216	23.485	21.958	20.369	23.913	23.645	21.491	22.306	21.202	23.155	22.290	22.170	23.079	26.198	29.664	37.454	35.108	34.380	31.973	28.005	29.736	27.850	27.685	27.877	26.252	26.928	24.493	26.135	29.056	26.691	24.740	28.492	26.403	27.736	28.285	
23.733	22.835	22.909	18.237	10.642	13.738	11.176	10.131	11.466	6.165	13.296	0.000	8.728	12.841	12.554	16.942	20.829	23.221	27.290	28.102	28.736	28.335	24.703	24.165	22.862	24.465	18.909	17.066	17.043	19.260	18.943	22.029	17.314	20.373	23.271	22.885	25.022	23.247	23.847	31.892	35.757	30.697	30.290	31.252	28.875	26.276	28.010	27.553	25.633	26.500	28.474	27.471	28.424	26.282	27.870	28.761	30.077	31.828	33.756	32.952	39.376	37.932	32.548	34.757	32.747	35.256	36.367	34.603	32.726	36.173	35.884	33.391	34.189	32.730	34.794	33.499	32.666	32.296	34.777	36.506	50.167	47.963	47.349	45.206	41.297	43.006	41.039	40.774	40.640	38.603	39.239	36.525	38.186	41.177	38.486	36.396	40.073	37.539	38.610	38.827	
29.389	28.051	20.543	15.956	12.271	10.433	8.961	18.708	20.122	14.083	7.696	8.728	0.000	4.792	7.897	9.696	17.032	20.745	24.346	26.953	24.391	23.444	19.504	17.826	16.226	17.272	11.847	9.804	9.322	11.118	10.607	13.548	8.587	11.647	14.543	14.191	16.469	15.019	15.621	24.652	32.221	25.004	24.190	24.719	21.790	18.623	20.085	19.245	17.167	17.914	19.901	18.781	19.714	17.557	19.150	20.059	21.519	23.618	25.619	25.087	33.695	31.165	25.198	27.274	25.122	27.554	28.461	26.517	24.487	27.842	27.547	24.945	25.729	24.181	26.256	24.876	23.960	23.589	26.146	28.228	44.806	42.370	41.544	38.712	34.242	35.758	33.534	33.078	32.576	30.293	30.903	28.095	29.749	32.744	29.962	27.849	31.484	28.881	29.917	30.108	
34.168	32.807	23.555	19.269	16.858	13.857	12.996	22.970	24.295	18.604	10.379	12.841	4.792	0.000	5.547	4.999	13.624	17.799	21.001	24.400	26.187	24.927	20.981	18.504	16.749	17.119	12.402	10.464	9.448	10.188	9.317	11.547	5.557	8.557	11.129	10.427	12.246	10.427	11.029	19.861	34.248	25.840	24.729	24.852	21.497	17.807	18.802	17.323	14.978	15.341	17.302	15.736	16.513	13.986	15.486	16.243	17.286	19.031	20.994	20.360	34.282	30.880	24.470	26.325	24.063	26.325	26.932	24.761	22.524	25.630	25.327	22.552	23.285	21.545	23.606	21.995	20.706	19.770	22.046	23.689	45.439	42.865	41.891	38.528	33.604	34.890	32.417	31.738	30.736	28.077	28.630	25.675	27.287	30.250	27.294	25.151	28.623	25.814	26.674	26.690	
35.852	34.733	28.311	23.798	19.747	18.273	16.850	22.195	23.269	18.718	15.198	12.554	7.897	5.547	0.000	5.659	9.195	12.862	16.458	19.208	31.518	30.339	26.379	24.026	22.279	22.659	17.906	15.933	14.969	15.704	14.799	16.777	10.692	13.366	15.470	14.428	15.346	12.684	13.217	19.606	39.524	31.362	30.271	30.396	27.015	23.267	24.139	22.443	20.023	20.156	22.044	20.183	20.790	17.981	19.289	19.798	20.043	20.675	22.399	21.204	39.826	36.377	29.908	31.700	29.421	31.615	32.104	29.854	27.541	30.468	30.165	27.319	28.008	26.162	28.175	26.408	24.796	23.177	24.894	25.353	50.985	48.412	47.434	44.027	39.029	40.252	37.712	36.955	35.733	32.884	33.394	30.377	31.939	34.845	31.792	29.657	32.940	29.984	30.647	30.463	
39.071	37.747	27.983	23.898	21.855	18.611	17.935	26.977	28.183	22.970	14.976	16.942	9.696	4.999	5.659	0.000	9.978	14.471	17.101	21.268	29.819	28.362	24.512	21.545	19.760	19.562	15.742	14.064	12.831	12.648	11.606	12.720	7.078	8.904	10.408	9.187	9.737	7.026	7.565	15.078	37.931	28.757	27.434	27.207	23.590	19.603	20.066	17.982	15.515	15.354	17.120	15.051	15.531	12.621	13.822	14.243	14.384	15.193	17.008	16.039	36.822	32.693	26.036	27.606	25.308	27.314	27.574	25.224	22.837	25.522	25.220	22.338	22.976	21.063	23.016	21.158	19.387	17.566	19.236	19.894	47.886	45.215	44.116	40.302	35.017	36.045	33.363	32.459	30.920	27.886	28.352	25.305	26.812	29.654	26.553	24.439	27.586	24.572	25.152	24.905	
44.529	43.534	37.147	32.760	28.918	27.264	25.991	29.461	30.244	26.848	23.956	20.829	17.032	13.624	9.195	9.978	0.000	4.538	7.384	11.336	39.626	38.239	34.348	31.495	29.709	29.537	25.600	23.817	22.648	22.621	21.583	22.557	17.056	18.666	19.571	18.158	17.424	14.271	14.509	15.251	47.726	38.730	37.412	37.158	33.511	29.487	29.782	27.480	25.035	24.602	26.155	23.839	24.035	21.056	21.825	21.816	20.630	19.278	20.340	18.390	46.783	42.494	35.793	37.230	34.943	36.796	36.850	34.429	31.999	34.296	34.004	31.128	31.664	29.680	31.454	29.446	27.277	24.499	25.015	23.366	57.822	55.134	54.006	50.054	44.640	45.526	42.747	41.712	39.807	36.526	36.902	33.861	35.223	37.861	34.709	32.704	35.383	32.258	32.465	31.879	
46.897	46.054	41.148	36.658	32.176	31.135	29.666	30.899	31.475	28.951	27.987	23.221	20.745	17.799	12.862	14.471	4.538	0.000	4.119	6.803	43.944	42.606	38.692	35.927	34.142	34.032	29.975	28.145	27.012	27.091	26.060	27.092	21.538	23.203	24.082	22.660	21.790	18.654	18.850	17.948	52.026	43.189	41.896	41.673	38.036	34.018	34.320	32.006	29.565	29.109	30.631	28.291	28.445	25.477	26.175	26.094	24.676	22.871	23.680	21.547	51.293	47.032	40.331	41.761	39.476	41.313	41.340	38.912	36.480	38.707	38.418	35.551	36.069	34.079	35.813	33.786	31.555	28.613	28.855	26.624	62.344	59.661	58.539	54.592	49.169	50.039	47.248	46.194	44.227	40.905	41.263	38.233	39.561	42.145	38.996	37.022	39.586	36.456	36.575	35.912	
50.989	50.125	44.530	40.135	36.033	34.633	33.305	35.008	35.566	33.058	31.340	27.290	24.346	21.001	16.458	17.101	7.384	4.119	0.000	5.896	46.897	45.462	41.600	38.631	36.847	36.513	32.833	31.101	29.902	29.705	28.651	29.314	24.136	25.412	25.870	24.406	23.056	20.045	20.122	16.951	55.006	45.791	44.405	44.020	40.312	36.244	36.320	33.832	31.447	30.806	32.158	29.738	29.739	26.850	27.322	27.059	25.197	22.735	23.192	20.903	53.654	49.052	42.329	43.596	41.341	43.013	42.865	40.411	37.983	39.918	39.640	36.827	37.273	35.283	36.879	34.816	32.449	29.190	28.950	25.962	64.594	61.868	60.682	56.511	50.952	51.670	48.810	47.653	45.435	41.998	42.296	39.320	40.540	42.965	39.842	37.967	40.230	37.113	37.049	36.247	
51.317	50.670	47.483	42.907	37.792	37.385	35.735	34.439	34.738	33.344	34.406	28.102	26.953	24.400	19.208	21.268	11.336	6.803	5.896	0.000	50.586	49.294	45.363	42.674	40.891	40.823	36.683	34.820	33.715	33.869	32.843	33.893	28.326	30.002	30.818	29.382	28.345	25.247	25.395	22.846	58.645	49.955	48.679	48.473	44.839	40.821	41.106	38.761	36.328	35.830	37.306	34.934	35.031	32.087	32.693	32.524	30.848	28.563	29.072	26.793	58.090	53.825	47.119	48.526	46.245	48.048	48.027	45.588	43.155	45.276	44.991	42.142	42.631	40.638	42.313	40.265	37.961	34.831	34.741	31.856	69.147	66.465	65.342	61.375	55.927	56.762	53.951	52.863	50.800	47.424	47.754	44.746	46.024	48.527	45.389	43.464	45.864	42.737	42.742	41.984	
30.565	28.551	7.668	11.068	19.691	15.031	17.561	34.027	35.583	29.304	16.714	28.736	24.391	26.187	31.518	29.819	39.626	43.944	46.897	50.586	0.000	2.043	5.318	8.841	10.478	11.853	14.081	15.809	16.995	17.506	18.564	19.085	22.921	22.510	23.599	24.867	27.693	29.335	29.647	39.662	8.112	5.286	6.780	8.888	10.966	13.750	15.437	18.111	19.174	20.697	21.079	22.826	23.775	24.867	25.827	26.983	30.228	34.496	36.338	37.462	11.601	13.605	13.294	15.053	14.926	16.595	18.536	18.876	19.215	21.822	21.723	21.533	22.102	22.480	23.414	24.035	25.632	28.685	32.022	37.237	21.612	19.648	19.315	18.722	17.316	19.502	19.219	20.079	22.404	23.106	23.765	23.059	24.154	26.104	25.419	24.445	27.432	27.090	28.744	29.944	
31.745	29.731	8.642	11.298	19.804	14.602	17.194	34.179	35.756	29.333	15.851	28.335	23.444	24.927	30.339	28.362	38.239	42.606	45.462	49.294	2.043	0.000	3.964	7.056	8.767	9.948	12.640	14.475	15.596	15.895	16.958	17.284	21.387	20.803	21.764	23.061	25.841	27.575	27.868	37.805	9.711	3.669	4.912	7.026	8.927	11.750	13.404	16.096	17.218	18.724	19.064	20.846	21.780	22.939	23.865	25.012	28.264	32.549	34.374	35.533	11.268	12.289	11.364	13.208	12.963	14.719	16.653	16.902	17.189	19.843	19.737	19.500	20.075	20.438	21.385	21.993	23.592	26.665	29.996	35.234	21.833	19.680	19.185	18.024	16.049	18.209	17.693	18.452	20.621	21.184	21.851	21.067	22.191	24.202	23.439	22.431	25.458	25.067	26.721	27.914	
30.486	28.497	7.899	8.817	16.827	11.064	13.676	31.115	32.711	26.143	11.960	24.703	19.504	20.981	26.379	24.512	34.348	38.692	41.600	45.363	5.318	3.964	0.000	3.892	5.309	7.105	8.770	10.547	11.702	12.204	13.259	13.952	17.602	17.255	18.500	19.716	22.613	24.117	24.449	34.569	13.426	6.072	6.149	7.839	7.921	9.435	11.461	13.803	14.467	16.048	16.724	18.200	19.222	19.997	21.083	22.275	25.470	29.654	31.558	32.546	14.675	14.266	11.330	13.523	12.604	14.810	16.637	16.302	16.022	19.117	18.957	18.151	18.827	18.815	20.082	20.334	21.591	24.301	27.684	32.669	25.543	23.272	22.649	20.875	17.985	20.029	18.955	19.393	20.951	20.831	21.530	20.214	21.543	23.904	22.643	21.327	24.676	23.811	25.440	26.507	
32.982	31.034	11.318	10.935	17.777	11.290	13.771	31.614	33.220	26.505	10.893	24.165	17.826	18.504	24.026	21.545	31.495	35.927	38.631	42.674	8.841	7.056	3.892	0.000	1.786	3.219	6.132	8.157	9.057	8.940	10.001	10.247	14.496	13.753	14.759	16.029	18.858	20.522	20.821	30.827	16.765	7.336	6.365	7.088	5.335	5.671	7.816	9.977	10.576	12.157	12.869	14.308	15.333	16.135	17.197	18.386	21.589	25.791	27.682	28.706	15.903	13.777	9.156	11.469	10.032	12.476	14.124	13.349	12.693	15.998	15.804	14.671	15.392	15.189	16.599	16.678	17.801	20.426	23.813	28.777	27.052	24.566	23.719	21.085	17.236	19.075	17.482	17.600	18.575	17.931	18.638	16.991	18.427	20.986	19.416	17.936	21.432	20.311	21.915	22.915	
32.957	31.041	12.093	10.992	17.111	10.465	12.820	30.650	32.255	25.513	9.569	22.862	16.226	16.749	22.279	19.760	29.709	34.142	36.847	40.891	10.478	8.767	5.309	1.786	0.000	2.478	4.427	6.475	7.311	7.165	8.227	8.646	12.714	12.043	13.191	14.417	17.304	18.858	19.174	29.262	18.475	9.096	8.029	8.517	6.112	5.146	7.397	9.138	9.372	10.977	11.905	13.118	14.186	14.747	15.897	17.105	20.259	24.396	26.323	27.260	17.593	15.106	9.924	12.223	10.532	13.050	14.555	13.490	12.519	15.960	15.742	14.305	15.066	14.637	16.206	16.068	16.963	19.345	22.736	27.544	28.752	26.237	25.354	22.541	18.436	20.184	18.399	18.370	19.024	18.042	18.748	16.850	18.363	21.053	19.247	17.626	21.232	19.867	21.431	22.349	
35.423	33.510	14.408	13.470	19.371	12.672	14.906	32.639	34.238	27.488	11.290	24.465	17.272	17.119	22.659	19.562	29.537	34.032	36.513	40.823	11.853	9.948	7.105	3.219	2.478	0.000	5.566	7.522	7.988	7.004	7.996	7.482	12.497	11.235	11.861	13.203	15.910	17.791	18.043	27.865	19.564	9.341	7.892	7.741	4.519	2.669	4.919	6.798	7.381	8.950	9.660	11.101	12.118	13.017	14.023	15.202	18.422	22.658	24.525	25.610	17.283	13.917	8.083	10.309	8.417	10.954	12.335	11.116	10.054	13.516	13.292	11.829	12.588	12.188	13.732	13.637	14.636	17.207	20.594	25.570	28.401	25.784	24.778	21.518	16.988	18.586	16.580	16.397	16.788	15.639	16.342	14.385	15.910	18.630	16.776	15.149	18.757	17.401	18.973	19.910	
31.733	29.918	13.515	10.805	14.684	8.062	9.889	27.309	28.898	22.158	5.865	18.909	11.847	12.402	17.906	15.742	25.600	29.975	32.833	36.683	14.081	12.640	8.770	6.132	4.427	5.566	0.000	2.053	2.969	3.832	4.785	6.671	8.875	9.013	10.956	11.888	14.956	15.896	16.304	26.643	22.192	13.461	12.455	12.874	10.043	7.493	9.474	9.967	9.051	10.538	12.069	12.450	13.592	13.232	14.662	15.885	18.753	22.545	24.575	25.164	22.017	19.344	13.645	15.848	13.869	16.394	17.626	16.101	14.576	18.125	17.865	15.843	16.655	15.716	17.588	16.928	17.168	18.723	22.030	26.223	33.173	30.664	29.778	26.867	22.524	24.150	22.130	21.890	22.013	20.434	21.116	18.769	20.393	23.281	21.026	19.144	22.886	20.994	22.416	23.100	
31.188	29.434	14.441	11.153	13.734	7.418	8.795	25.746	27.322	20.614	4.453	17.066	9.804	10.464	15.933	14.064	23.817	28.145	31.101	34.820	15.809	14.475	10.547	8.157	6.475	7.522	2.053	0.000	1.337	3.492	4.102	6.791	7.456	8.226	10.581	11.297	14.378	14.930	15.387	25.758	23.911	15.469	14.499	14.924	12.030	9.213	11.033	11.097	9.778	11.120	12.841	12.836	13.971	13.166	14.694	15.892	18.553	22.111	24.172	24.573	24.056	21.370	15.562	17.727	15.684	18.190	19.330	17.675	15.989	19.522	19.249	17.048	17.863	16.749	18.703	17.850	17.810	18.960	22.175	26.022	35.209	32.708	31.828	28.908	24.509	26.099	24.014	23.710	23.660	21.886	22.554	20.068	21.715	24.651	22.247	20.288	24.041	21.959	23.306	23.886	
32.157	30.433	15.778	12.444	14.547	8.463	9.580	26.036	27.595	20.937	5.157	17.043	9.322	9.448	14.969	12.831	22.648	27.012	29.902	33.715	16.995	15.596	11.702	9.057	7.311	7.988	2.969	1.337	0.000	2.569	2.938	5.882	6.133	6.942	9.395	10.042	13.116	13.602	14.063	24.432	25.106	16.394	15.323	15.595	12.499	9.343	10.972	10.686	9.125	10.360	12.170	11.950	13.071	12.073	13.632	14.813	17.388	20.870	22.937	23.293	24.888	21.904	15.877	17.972	15.853	18.320	19.346	17.563	15.743	19.240	18.959	16.629	17.442	16.210	18.209	17.230	17.023	17.965	21.130	24.843	36.049	33.510	32.587	29.497	24.926	26.438	24.246	23.852	23.597	21.642	22.295	19.704	21.362	24.327	21.814	19.807	23.552	21.348	22.643	23.157	
34.659	32.916	17.345	14.452	17.104	10.904	12.139	28.467	30.013	23.395	7.720	19.260	11.118	10.188	15.704	12.648	22.621	27.091	29.705	33.869	17.506	15.895	12.204	8.940	7.165	7.004	3.832	3.492	2.569	0.000	1.063	3.328	5.573	5.193	7.202	8.067	11.143	12.092	12.487	22.815	25.578	16.109	14.812	14.738	11.312	7.680	8.975	8.303	6.592	7.793	9.621	9.396	10.523	9.687	11.205	12.406	15.118	18.789	20.834	21.358	24.279	20.693	14.350	16.306	14.096	16.480	17.343	15.420	13.470	16.916	16.628	14.203	15.011	13.709	15.728	14.691	14.455	15.473	18.683	22.594	35.405	32.786	31.766	28.340	23.483	24.857	22.512	21.989	21.479	19.343	19.981	17.310	18.971	21.952	19.365	17.331	21.067	18.808	20.088	20.590	
35.073	33.359	18.260	15.220	17.402	11.401	12.438	28.330	29.859	23.299	8.019	18.943	10.607	9.317	14.799	11.606	21.583	26.060	28.651	32.843	18.564	16.958	13.259	10.001	8.227	7.996	4.785	4.102	2.938	1.063	0.000	3.174	4.528	4.241	6.481	7.225	10.309	11.111	11.522	21.873	26.639	17.153	15.836	15.713	12.232	8.490	9.615	8.649	6.708	7.739	9.649	9.152	10.252	9.136	10.701	11.878	14.463	18.017	20.076	20.521	25.279	21.578	15.158	17.054	14.816	17.152	17.927	15.922	13.882	17.264	16.972	14.448	15.247	13.839	15.888	14.729	14.306	15.061	18.202	21.927	36.393	33.762	32.726	29.228	24.294	25.618	23.216	22.635	21.979	19.709	20.330	17.582	19.243	22.235	19.561	17.492	21.203	18.833	20.053	20.484	
37.977	36.225	19.978	17.476	20.428	14.208	15.462	31.493	33.017	26.470	11.039	22.029	13.548	11.547	16.777	12.720	22.557	27.092	29.314	33.893	19.085	17.284	13.952	10.247	8.646	7.482	6.671	6.791	5.882	3.328	3.174	0.000	6.086	3.905	4.555	5.782	8.670	10.317	10.589	20.617	26.972	16.796	15.257	14.716	10.999	6.939	7.398	5.803	3.619	4.565	6.484	6.069	7.195	6.562	8.001	9.220	12.098	15.998	17.997	18.742	24.345	19.973	13.322	14.972	12.680	14.838	15.385	13.229	11.048	14.316	14.018	11.398	12.185	10.705	12.766	11.560	11.163	12.178	15.427	19.560	35.298	32.592	31.451	27.583	22.358	23.496	20.935	20.203	19.240	16.771	17.369	14.547	16.202	19.197	16.457	14.369	18.063	15.661	16.880	17.326	
36.273	34.705	21.852	18.242	18.439	13.527	13.730	27.257	28.692	22.499	9.754	17.314	8.587	5.557	10.692	7.078	17.056	21.538	24.136	28.326	22.921	21.387	17.602	14.496	12.714	12.497	8.875	7.456	6.133	5.573	4.528	6.086	0.000	3.111	5.957	5.689	8.323	7.881	8.416	18.643	31.024	21.681	20.358	20.177	16.617	12.713	13.456	11.802	9.431	9.798	11.770	10.338	11.204	8.971	10.569	11.509	13.246	15.971	18.044	18.005	29.773	25.854	19.290	21.026	18.741	20.924	21.444	19.238	16.979	20.074	19.771	17.005	17.745	16.033	18.102	16.555	15.445	15.026	17.701	20.356	40.865	38.214	37.148	33.496	28.383	29.568	27.020	26.279	25.191	22.522	23.078	20.134	21.754	24.726	21.802	19.662	23.191	20.463	21.420	21.555	
38.554	36.913	22.501	19.378	20.726	15.215	15.853	30.252	31.707	25.425	11.579	20.373	11.647	8.557	13.366	8.904	18.666	23.203	25.412	30.002	22.510	20.803	17.255	13.753	12.043	11.235	9.013	8.226	6.942	5.193	4.241	3.905	3.111	0.000	2.956	3.153	6.189	6.906	7.295	17.633	30.514	20.576	19.088	18.611	14.903	10.844	11.166	9.141	6.688	6.821	8.760	7.230	8.096	5.985	7.607	8.630	10.735	13.967	16.042	16.352	28.244	23.836	17.153	18.703	16.405	18.439	18.793	16.505	14.177	17.142	16.838	14.028	14.748	12.989	15.049	13.462	12.339	12.094	14.933	18.087	39.203	36.495	35.348	31.422	26.114	27.159	24.511	23.666	22.367	19.577	20.112	17.135	18.738	21.696	18.739	16.597	20.097	17.354	18.312	18.464	
41.353	39.683	24.424	21.653	23.557	17.831	18.644	33.189	34.635	28.377	14.299	23.271	14.543	11.129	15.470	10.408	19.571	24.082	25.870	30.818	23.599	21.764	18.500	14.759	13.191	11.861	10.956	10.581	9.395	7.202	6.481	4.555	5.957	2.956	0.000	1.471	4.115	6.095	6.259	16.073	31.421	21.042	19.413	18.622	14.848	10.795	10.507	7.965	5.588	5.036	6.717	4.714	5.394	3.032	4.651	5.685	7.998	11.593	13.633	14.238	28.144	23.204	16.485	17.736	15.473	17.232	17.303	14.906	12.491	15.115	14.813	11.934	12.587	10.705	12.707	10.959	9.578	9.138	12.012	15.448	38.872	36.114	34.879	30.642	25.120	25.956	23.181	22.180	20.518	17.491	17.972	14.936	16.478	19.375	16.329	14.191	17.548	14.692	15.552	15.624	
41.677	40.048	25.401	22.441	23.839	18.365	18.987	32.896	34.311	28.178	14.730	22.885	14.191	10.427	14.428	9.187	18.158	22.660	24.406	29.382	24.867	23.061	19.716	16.029	14.417	13.203	11.888	11.297	10.042	8.067	7.225	5.782	5.689	3.153	1.471	0.000	3.084	4.649	4.849	14.873	32.741	22.435	20.824	20.067	16.294	12.232	11.978	9.425	7.058	6.449	8.037	5.868	6.371	3.590	5.060	5.877	7.632	10.831	12.902	13.298	29.604	24.674	17.955	19.193	16.934	18.667	18.694	16.282	13.858	16.369	16.069	13.180	13.801	11.878	13.832	12.001	10.398	9.414	12.011	14.940	40.343	37.585	36.350	32.105	26.569	27.382	24.590	23.563	21.814	18.713	19.170	16.120	17.626	20.480	17.395	15.271	18.512	15.574	16.320	16.276	
44.556	42.958	28.462	25.524	26.712	21.391	21.914	35.122	36.487	30.549	17.720	25.022	16.469	12.246	15.346	9.737	17.424	21.790	23.056	28.345	27.693	25.841	22.613	18.858	17.304	15.910	14.956	14.378	13.116	11.143	10.309	8.670	8.323	6.189	4.115	3.084	0.000	3.157	2.950	11.969	35.472	24.984	23.310	22.379	18.618	14.643	14.033	11.249	9.144	8.094	9.172	6.717	6.692	3.810	4.403	4.560	5.057	7.783	9.861	10.216	31.769	26.486	19.838	20.810	18.631	20.081	19.826	17.368	14.946	16.932	16.647	13.799	14.289	12.296	14.032	12.023	9.929	7.832	9.805	12.040	42.289	39.503	38.206	33.727	28.051	28.657	25.773	24.598	22.456	19.116	19.481	16.445	17.800	20.469	17.320	15.289	18.128	15.043	15.492	15.182	
43.902	42.395	29.333	25.992	26.140	21.406	21.550	33.377	34.675	29.020	17.635	23.247	15.019	10.427	12.684	7.026	14.271	18.654	20.045	25.247	29.335	27.575	24.117	20.522	18.858	17.791	15.896	14.930	13.602	12.092	11.111	10.317	7.881	6.906	6.095	4.649	3.157	0.000	0.603	10.834	37.277	27.062	25.465	24.714	20.941	16.881	16.565	13.912	11.628	10.815	12.114	9.704	9.793	6.840	7.560	7.654	7.362	8.609	10.600	10.226	34.237	29.200	22.499	23.621	21.396	22.981	22.827	20.377	17.945	20.054	19.765	16.904	17.415	15.425	17.183	15.179	13.072	10.725	12.211	13.263	44.927	42.159	40.902	36.552	30.936	31.625	28.769	27.636	25.575	22.259	22.631	19.592	20.955	23.625	20.475	18.446	21.255	18.157	18.542	18.153	
44.483	42.971	29.767	26.474	26.713	21.931	22.107	33.976	35.272	29.622	18.165	23.847	15.621	11.029	13.217	7.565	14.509	18.850	20.122	25.395	29.647	27.868	24.449	20.821	19.174	18.043	16.304	15.387	14.063	12.487	11.522	10.589	8.416	7.295	6.259	4.849	2.950	0.603	0.000	10.371	37.561	27.283	25.667	24.871	21.098	17.053	16.659	13.961	11.724	10.838	12.055	9.620	9.640	6.727	7.326	7.333	6.851	8.007	9.998	9.649	34.363	29.245	22.559	23.628	21.419	22.950	22.745	20.290	17.863	19.881	19.596	16.749	17.238	15.245	16.964	14.943	12.780	10.305	11.690	12.662	45.003	42.228	40.957	36.558	30.914	31.563	28.692	27.533	25.406	22.057	22.414	19.383	20.720	23.355	20.203	18.195	20.936	17.827	18.169	17.744	
54.016	52.618	40.130	36.824	36.485	32.152	32.107	41.769	42.872	37.989	28.370	31.892	24.652	19.861	19.606	15.078	15.251	17.948	16.951	22.846	39.662	37.805	34.569	30.827	29.262	27.865	26.643	25.758	24.432	22.815	21.873	20.617	18.643	17.633	16.073	14.873	11.969	10.834	10.371	0.000	47.414	36.826	35.107	34.017	30.309	26.453	25.558	22.663	20.863	19.571	20.063	17.710	17.146	15.099	14.620	13.759	10.766	6.832	6.531	4.154	43.136	37.389	31.000	31.556	29.572	30.526	29.793	27.412	25.179	26.038	25.810	23.363	23.552	21.720	22.769	20.758	18.191	14.354	12.967	9.060	53.216	50.406	49.010	44.162	38.342	38.527	35.559	34.133	31.273	27.668	27.790	25.113	25.973	27.896	24.967	23.445	24.864	21.909	21.439	20.386	
32.833	30.893	12.993	17.533	25.877	22.364	24.730	39.751	41.228	35.419	24.526	35.757	32.221	34.248	39.524	37.931	47.726	52.026	55.006	58.645	8.112	9.711	13.426	16.765	18.475	19.564	22.192	23.911	25.106	25.578	26.639	26.972	31.024	30.514	31.421	32.741	35.472	37.277	37.561	47.414	0.000	10.896	12.727	14.406	17.607	21.079	22.409	25.257	26.659	28.096	28.183	30.165	31.019	32.433	33.247	34.349	37.617	41.953	43.706	44.992	10.534	15.926	18.686	19.745	20.445	21.364	23.225	24.275	25.235	27.165	27.140	27.627	28.054	28.832	29.369	30.369	32.290	35.664	38.899	44.336	16.715	15.619	15.945	17.701	18.898	20.972	21.829	23.146	26.230	27.877	28.449	28.488	29.260	30.618	30.655	30.118	32.559	32.846	34.476	35.799	
35.393	33.380	12.281	14.547	22.832	17.124	19.735	37.159	38.752	32.207	17.711	30.697	25.004	25.840	31.362	28.757	38.730	43.189	45.791	49.955	5.286	3.669	6.072	7.336	9.096	9.341	13.461	15.469	16.394	16.109	17.153	16.796	21.681	20.576	21.042	22.435	24.984	27.062	27.283	36.826	10.896	0.000	1.836	3.754	6.715	10.374	11.537	14.410	15.969	17.335	17.311	19.359	20.175	21.750	22.464	23.536	26.803	31.158	32.871	34.229	8.733	8.657	8.220	9.821	9.928	11.392	13.334	13.877	14.517	16.827	16.755	16.894	17.384	18.015	18.705	19.564	21.414	24.768	28.005	33.444	19.803	17.402	16.680	14.829	12.425	14.570	14.029	14.822	17.124	17.953	18.597	18.104	19.096	20.914	20.409	19.601	22.398	22.298	23.949	25.213	
36.258	34.252	13.205	14.933	22.940	16.928	19.519	37.165	38.766	32.145	17.123	30.290	24.190	24.729	30.271	27.434	37.412	41.896	44.405	48.679	6.780	4.912	6.149	6.365	8.029	7.892	12.455	14.499	15.323	14.812	15.836	15.257	20.358	19.088	19.413	20.824	23.310	25.465	25.667	35.107	12.727	1.836	0.000	2.115	4.901	8.670	9.733	12.618	14.245	15.579	15.504	17.582	18.379	20.016	20.693	21.753	25.017	29.377	31.074	32.458	9.565	8.117	6.527	8.297	8.196	9.820	11.759	12.152	12.708	15.104	15.021	15.080	15.582	16.186	16.903	17.735	19.579	22.941	26.172	31.620	20.727	18.210	17.354	14.942	11.842	13.908	13.028	13.658	15.714	16.327	16.985	16.366	17.406	19.324	18.696	17.829	20.697	20.515	22.168	23.419	
38.199	36.197	15.212	16.652	24.409	18.178	20.727	38.505	40.110	33.435	17.979	31.252	24.719	24.852	30.396	27.207	37.158	41.673	44.020	48.473	8.888	7.026	7.839	7.088	8.517	7.741	12.874	14.924	15.595	14.738	15.713	14.716	20.177	18.611	18.622	20.067	22.379	24.714	24.871	34.017	14.406	3.754	2.115	0.000	3.774	7.845	8.465	11.370	13.238	14.448	14.146	16.352	17.066	18.930	19.471	20.476	23.719	28.089	29.716	31.202	9.635	6.713	4.466	6.182	6.178	7.708	9.648	10.123	10.844	13.073	13.002	13.233	13.690	14.427	15.011	15.963	17.926	21.417	24.581	30.109	20.687	18.049	17.039	14.026	10.291	12.259	11.126	11.653	13.610	14.231	14.885	14.352	15.345	17.218	16.655	15.866	18.645	18.571	20.219	21.498	
38.158	36.191	15.818	16.154	23.080	16.514	18.918	36.758	38.363	31.624	15.615	28.875	21.790	21.497	27.015	23.590	33.511	38.036	40.312	44.839	10.966	8.927	7.921	5.335	6.112	4.519	10.043	12.030	12.499	11.312	12.232	10.999	16.617	14.903	14.848	16.294	18.618	20.941	21.098	30.309	17.607	6.715	4.901	3.774	0.000	4.084	4.835	7.731	9.485	10.744	10.603	12.707	13.484	15.211	15.824	16.867	20.129	24.492	26.177	27.584	13.357	9.419	3.840	6.154	4.760	7.150	8.853	8.383	8.305	11.224	11.076	10.583	11.181	11.520	12.482	13.076	14.775	18.060	21.316	26.730	24.312	21.626	20.533	17.047	12.482	14.132	12.287	12.301	13.276	12.914	13.615	12.362	13.640	15.987	14.780	13.596	16.815	16.186	17.837	19.003	
38.070	36.163	16.979	16.137	21.823	15.109	17.226	34.798	36.388	29.647	13.356	26.276	18.623	17.807	23.267	19.603	29.487	34.018	36.244	40.821	13.750	11.750	9.435	5.671	5.146	2.669	7.493	9.213	9.343	7.680	8.490	6.939	12.713	10.844	10.795	12.232	14.643	16.881	17.053	26.453	21.079	10.374	8.670	7.845	4.084	0.000	2.253	4.395	5.599	7.019	7.353	9.112	10.030	11.383	12.172	13.292	16.556	20.878	22.659	23.914	17.440	13.142	6.672	8.656	6.510	8.989	10.138	8.665	7.425	10.925	10.690	9.160	9.921	9.549	11.064	11.019	12.157	14.964	18.326	23.488	28.359	25.653	24.522	20.787	15.808	17.186	14.912	14.518	14.522	13.115	13.812	11.749	13.297	16.065	14.129	12.481	16.100	14.739	16.318	17.277	
40.319	38.415	19.132	18.389	23.977	17.265	19.313	36.751	38.333	31.607	15.321	28.010	20.085	18.802	24.139	20.066	29.782	34.320	36.320	41.106	15.437	13.404	11.461	7.816	7.397	4.919	9.474	11.033	10.972	8.975	9.615	7.398	13.456	11.166	10.507	11.978	14.033	16.565	16.659	25.558	22.409	11.537	9.733	8.465	4.835	2.253	0.000	2.907	4.937	6.002	5.775	7.892	8.650	10.487	11.011	12.038	15.296	19.662	21.342	22.760	17.736	12.736	6.017	7.574	5.285	7.540	8.386	6.644	5.201	8.729	8.485	6.913	7.669	7.377	8.824	8.880	10.217	13.299	16.604	21.939	28.367	25.607	24.378	20.273	14.964	16.114	13.620	13.023	12.637	10.978	11.667	9.512	11.077	13.883	11.882	10.229	13.849	12.515	14.106	15.100	
41.549	39.691	21.198	19.917	24.645	18.022	19.798	36.723	38.279	31.622	15.545	27.553	19.245	17.323	22.443	17.982	27.480	32.006	33.832	38.761	18.111	16.096	13.803	9.977	9.138	6.798	9.967	11.097	10.686	8.303	8.649	5.803	11.802	9.141	7.965	9.425	11.249	13.912	13.961	22.663	25.257	14.410	12.618	11.370	7.731	4.395	2.907	0.000	2.467	3.158	2.968	4.984	5.765	7.622	8.104	9.137	12.399	16.762	18.461	19.855	20.557	15.288	8.600	9.772	7.509	9.340	9.663	7.439	5.255	8.622	8.331	5.954	6.769	5.759	7.629	7.053	7.839	10.578	13.933	19.147	31.051	28.271	26.997	22.680	17.166	18.079	15.383	14.528	13.436	11.062	11.688	9.019	10.678	13.652	11.151	9.201	12.952	11.053	12.524	13.322	
40.777	38.969	21.402	19.581	23.505	17.040	18.573	35.022	36.557	29.969	14.201	25.633	17.167	14.978	20.023	15.515	25.035	29.565	31.447	36.328	19.174	17.218	14.467	10.576	9.372	7.381	9.051	9.778	9.125	6.592	6.708	3.619	9.431	6.688	5.588	7.058	9.144	11.628	11.724	20.863	26.659	15.969	14.245	13.238	9.485	5.599	4.937	2.467	0.000	1.607	3.064	3.747	4.820	5.784	6.654	7.823	11.055	15.332	17.165	18.339	22.650	17.616	10.897	12.198	9.918	11.806	12.105	9.831	7.548	10.721	10.421	7.779	8.567	7.136	9.179	8.105	8.117	10.002	13.388	18.204	33.301	30.536	29.294	25.074	19.605	20.544	17.849	16.979	15.761	13.178	13.766	10.928	12.583	15.578	12.856	10.784	14.501	12.223	13.535	14.115	
42.228	40.434	23.009	21.146	24.849	18.460	19.896	36.043	37.561	31.031	15.494	26.500	17.914	15.341	20.156	15.354	24.602	29.109	30.806	35.830	20.697	18.724	16.048	12.157	10.977	8.950	10.538	11.120	10.360	7.793	7.739	4.565	9.798	6.821	5.036	6.449	8.094	10.815	10.838	19.571	28.096	17.335	15.579	14.448	10.744	7.019	6.002	3.158	1.607	0.000	1.990	2.152	3.213	4.485	5.153	6.287	9.543	13.858	15.652	16.902	23.709	18.411	11.746	12.807	10.583	12.223	12.269	9.883	7.483	10.322	10.019	7.212	7.947	6.277	8.353	7.013	6.689	8.397	11.782	16.621	34.197	31.414	30.128	25.738	20.147	20.933	18.146	17.149	15.602	12.756	13.294	10.336	11.958	14.936	12.063	9.939	13.576	11.101	12.318	12.797	
43.802	41.982	23.998	22.453	26.568	20.087	21.637	37.977	39.501	32.948	17.262	28.474	19.901	17.302	22.044	17.120	26.155	30.631	32.158	37.306	21.079	19.064	16.724	12.869	11.905	9.660	12.069	12.841	12.170	9.621	9.649	6.484	11.770	8.760	6.717	8.037	9.172	12.114	12.055	20.063	28.183	17.311	15.504	14.146	10.603	7.353	5.775	2.968	3.064	1.990	0.000	2.466	2.936	5.368	5.447	6.356	9.578	13.947	15.582	17.070	23.074	17.444	10.941	11.688	9.576	10.909	10.723	8.283	5.850	8.430	8.127	5.278	5.988	4.286	6.363	5.081	5.141	7.612	10.976	16.187	33.291	30.490	29.151	24.574	18.880	19.512	16.658	15.563	13.801	10.841	11.360	8.375	9.985	12.956	10.072	7.950	11.599	9.193	10.476	11.055	
44.020	42.252	25.127	23.155	26.497	20.240	21.530	37.200	38.690	32.258	17.107	27.471	18.781	15.736	20.183	15.051	23.839	28.291	29.738	34.934	22.826	20.846	18.200	14.308	13.118	11.101	12.450	12.836	11.950	9.396	9.152	6.069	10.338	7.230	4.714	5.868	6.717	9.704	9.620	17.710	30.165	19.359	17.582	16.352	12.707	9.112	7.892	4.984	3.747	2.152	2.466	0.000	1.143	2.908	3.120	4.184	7.452	11.799	13.549	14.878	25.441	19.894	13.345	14.151	12.023	13.371	13.127	10.674	8.245	10.517	10.219	7.329	7.934	6.012	7.995	6.266	5.220	6.315	9.682	14.470	35.735	32.937	31.606	27.040	21.341	21.945	19.072	17.934	15.993	12.846	13.302	10.254	11.775	14.662	11.619	9.479	12.887	10.127	11.139	11.416	
45.157	43.391	26.221	24.290	27.618	21.377	22.650	38.202	39.683	33.282	18.226	28.424	19.714	16.513	20.790	15.531	24.035	28.445	29.739	35.031	23.775	21.780	19.222	15.333	14.186	12.118	13.592	13.971	13.071	10.523	10.252	7.195	11.204	8.096	5.394	6.371	6.692	9.793	9.640	17.146	31.019	20.175	18.379	17.066	13.484	10.030	8.650	5.765	4.820	3.213	2.936	1.143	0.000	2.986	2.572	3.421	6.654	11.023	12.696	14.139	25.999	20.293	13.854	14.493	12.443	13.602	13.196	10.738	8.343	10.263	9.974	7.112	7.630	5.648	7.508	5.631	4.246	5.193	8.572	13.473	36.141	33.335	31.975	27.304	21.554	22.047	19.137	17.925	15.782	12.507	12.916	9.862	11.310	14.124	11.026	8.909	12.166	9.301	10.216	10.412	
44.185	42.486	26.463	24.034	26.439	20.534	21.498	36.217	37.660	31.409	17.111	26.282	17.557	13.986	17.981	12.621	21.056	25.477	26.850	32.087	24.867	22.939	19.997	16.135	14.747	13.017	13.232	13.166	12.073	9.687	9.136	6.562	8.971	5.985	3.032	3.590	3.810	6.840	6.727	15.099	32.433	21.750	20.016	18.930	15.211	11.383	10.487	7.622	5.784	4.485	5.368	2.908	2.986	0.000	1.627	2.745	5.561	9.657	11.578	12.595	28.177	22.749	16.148	17.036	14.882	16.277	16.020	13.564	11.139	13.240	12.948	10.075	10.612	8.633	10.482	8.559	6.819	6.115	9.091	13.002	38.578	35.785	34.468	29.939	24.248	24.847	21.967	20.807	18.753	15.493	15.900	12.847	14.282	17.065	13.946	11.848	14.976	12.004	12.730	12.703	
45.769	44.060	27.755	25.465	28.041	22.086	23.094	37.823	39.261	33.027	18.698	27.870	19.150	15.486	19.289	13.822	21.825	26.175	27.322	32.693	25.827	23.865	21.083	17.197	15.897	14.023	14.662	14.694	13.632	11.205	10.701	8.001	10.569	7.607	4.651	5.060	4.403	7.560	7.326	14.620	33.247	22.464	20.693	19.471	15.824	12.172	11.011	8.104	6.654	5.153	5.447	3.120	2.572	1.627	0.000	1.228	4.401	8.706	10.511	11.766	28.516	22.859	16.388	17.064	15.003	16.169	15.720	13.266	10.890	12.598	12.318	9.513	9.953	7.961	9.638	7.621	5.585	4.489	7.502	11.675	38.707	35.903	34.546	29.872	24.115	24.574	21.651	20.403	18.120	14.736	15.088	12.060	13.398	16.073	12.927	10.887	13.802	10.757	11.358	11.237	
46.931	45.231	28.979	26.690	29.180	23.273	24.242	38.758	40.181	34.003	19.856	28.761	20.059	16.243	19.798	14.243	21.816	26.094	27.059	32.524	26.983	25.012	22.275	18.386	17.105	15.202	15.885	15.892	14.813	12.406	11.878	9.220	11.509	8.630	5.685	5.877	4.560	7.654	7.333	13.759	34.349	23.536	21.753	20.476	16.867	13.292	12.038	9.137	7.823	6.287	6.356	4.184	3.421	2.745	1.228	0.000	3.268	7.625	9.368	10.726	29.409	23.637	17.257	17.812	15.813	16.839	16.267	13.831	11.510	12.915	12.648	9.933	10.288	8.323	9.821	7.757	5.464	3.538	6.349	10.454	39.474	36.666	35.286	30.529	24.741	25.105	22.161	20.854	18.406	14.940	15.240	12.262	13.500	16.054	12.903	10.941	13.605	10.503	10.934	10.667	
49.288	47.642	32.025	29.539	31.459	25.828	26.584	40.180	41.543	35.594	22.275	30.077	21.519	17.286	20.043	14.384	20.630	24.676	25.197	30.848	30.228	28.264	25.470	21.589	20.259	18.422	18.753	18.553	17.388	15.118	14.463	12.098	13.246	10.735	7.998	7.632	5.057	7.362	6.851	10.766	37.617	26.803	25.017	23.719	20.129	16.556	15.296	12.399	11.055	9.543	9.578	7.452	6.654	5.561	4.401	3.268	0.000	4.370	6.110	7.496	32.563	26.675	20.404	20.833	18.909	19.769	19.034	16.647	14.422	15.371	15.129	12.609	12.832	10.965	12.133	10.083	7.542	3.993	4.854	7.478	42.478	39.667	38.259	33.396	27.578	27.798	24.834	23.442	20.732	17.162	17.363	14.536	15.560	17.814	14.728	12.985	15.033	11.918	11.908	11.252	
52.243	50.674	35.973	33.231	34.410	29.175	29.660	41.952	43.228	37.629	25.498	31.828	23.618	19.031	20.675	15.193	19.278	22.871	22.735	28.563	34.496	32.549	29.654	25.791	24.396	22.658	22.545	22.111	20.870	18.789	18.017	15.998	15.971	13.967	11.593	10.831	7.783	8.609	8.007	6.832	41.953	31.158	29.377	28.089	24.492	20.878	19.662	16.762	15.332	13.858	13.947	11.799	11.023	9.657	8.706	7.625	4.370	0.000	2.080	3.149	36.898	30.940	24.743	25.097	23.221	23.975	23.128	20.790	18.642	19.270	19.051	16.701	16.835	15.065	15.994	14.014	11.448	7.565	6.286	4.703	46.703	43.892	42.463	37.519	31.690	31.790	28.822	27.366	24.455	20.847	20.960	18.312	19.143	21.081	18.136	16.624	18.077	15.092	14.688	13.708	
