0.000	11.574	18.163	36.818	15.640	17.506	22.977	32.194	20.953	25.387	29.774	36.858	26.752	32.128	32.804	37.925	32.953	34.220	35.513	37.878	
11.574	0.000	10.075	26.435	20.170	15.389	18.942	26.082	25.121	24.313	26.952	31.700	30.086	33.115	32.451	34.168	39.187	36.811	35.923	37.002	
18.163	10.075	0.000	19.051	18.042	9.062	10.002	16.020	21.546	16.665	17.960	21.719	25.096	26.052	24.542	24.509	35.919	30.650	28.294	28.551	
36.818	26.435	19.051	0.000	35.430	25.402	21.686	16.710	37.344	28.039	25.187	21.074	38.772	36.107	32.963	25.973	50.491	41.666	36.608	34.469	
15.640	20.170	18.042	35.430	0.000	10.028	14.688	24.011	5.366	12.589	17.956	26.672	11.114	16.931	18.342	26.004	19.019	18.583	20.455	23.456	
17.506	15.389	9.062	25.402	10.028	0.000	5.700	15.371	12.646	8.955	12.423	19.463	16.056	17.818	17.078	20.455	26.912	21.947	20.538	21.748	
22.977	18.942	10.002	21.686	14.688	5.700	0.000	9.701	15.721	7.202	8.056	13.881	17.330	16.539	14.644	15.411	28.953	21.585	18.454	18.550	
32.194	26.082	16.020	16.710	24.011	15.371	9.701	0.000	23.933	13.083	8.882	5.996	23.694	19.746	16.389	10.097	35.285	25.348	19.941	17.809	
20.953	25.121	21.546	37.344	5.366	12.646	15.721	23.933	0.000	11.092	16.401	25.395	5.843	12.471	14.625	23.771	14.438	13.355	16.046	19.558	
25.387	24.313	16.665	28.039	12.589	8.955	7.202	13.083	11.092	0.000	5.430	14.370	10.805	9.416	8.138	13.426	22.528	14.385	11.718	12.832	
29.774	26.952	17.960	25.187	17.956	12.423	8.056	8.882	16.401	5.430	0.000	8.994	15.107	10.938	7.859	8.253	26.523	16.528	11.652	10.760	
36.858	31.700	21.719	21.074	26.672	19.463	13.881	5.996	25.395	14.370	8.994	0.000	23.739	18.142	14.400	4.938	34.705	23.551	17.274	14.103	
26.752	30.086	25.096	38.772	11.114	16.056	17.330	23.694	5.843	10.805	15.107	23.739	0.000	7.601	10.679	21.087	11.730	7.512	11.025	15.044	
32.128	33.115	26.052	36.107	16.931	17.818	16.539	19.746	12.471	9.416	10.938	18.142	7.601	0.000	3.779	14.578	16.765	5.602	3.575	7.450	
32.804	32.451	24.542	32.963	18.342	17.078	14.644	16.389	14.625	8.138	7.859	14.400	10.679	3.779	0.000	10.818	20.531	9.178	3.860	5.129	
37.925	34.168	24.509	25.973	26.004	20.455	15.411	10.097	23.771	13.426	8.253	4.938	21.087	14.578	10.818	0.000	31.343	19.656	13.061	9.438	
32.953	39.187	35.919	50.491	19.019	26.912	28.953	35.285	14.438	22.528	26.523	34.705	11.730	16.765	20.531	31.343	0.000	12.208	18.900	23.302	
34.220	36.811	30.650	41.666	18.583	21.947	21.585	25.348	13.355	14.385	16.528	23.551	7.512	5.602	9.178	19.656	12.208	0.000	6.770	11.123	
35.513	35.923	28.294	36.608	20.455	20.538	18.454	19.941	16.046	11.718	11.652	17.274	11.025	3.575	3.860	13.061	18.900	6.770	0.000	4.421	
37.878	37.002	28.551	34.469	23.456	21.748	18.550	17.809	19.558	12.832	10.760	14.103	15.044	7.450	5.129	9.438	23.302	11.123	4.421	0.000	
5.705460 9.801600 5.028110 3.105340 5.765610 5.686550 2.481790 2.106570 2.385470 2.387700 2.395230 1.960420 2.928670 8.977840 2.116820 2.387880 2.221080 2.296100 2.145720 1.931400
21.242070 38.706030 18.462480 10.396320 21.816160 21.235420 8.125360 6.556210 7.616900 7.703460 7.724360 5.570820 9.837080 35.026640 5.002580 7.573220 6.988030 7.325980 6.503940 5.804640
5.763190 9.909430 9.328980 8.665890 6.206380 7.668480 6.870660 5.133030 3.305500 5.459250 6.386530 4.145890 4.137130 15.146830 3.880890 5.526760 3.062270 3.296260 3.502540 4.305820
3.820190 6.300870 9.807810 10.572880 4.417340 6.705600 8.417020 6.155510 3.140530 6.383920 7.783160 4.853200 3.916860 14.961050 4.480330 6.524150 2.917080 3.207170 3.689520 5.099640
6.729460 11.728550 6.264410 4.029870 7.678670 7.051290 3.131920 2.961690 4.736540 3.615740 3.060780 2.868090 6.021830 19.653960 2.814570 3.714970 4.359170 4.446220 3.671800 2.874920
17.206470 31.148110 17.379000 11.642120 18.144860 18.311490 9.089200 7.225690 7.553090 8.297470 8.524190 6.061370 9.722700 35.159760 5.438090 8.274370 6.920290 7.274010 6.571700 6.305600
4.166280 6.981930 11.095710 11.991460 4.816070 7.433210 9.437520 6.828900 3.351280 7.097620 8.735840 5.298110 4.190670 16.904280 4.792840 7.196720 3.069910 3.407420 3.920200 5.502570
2.438090 3.742830 4.926360 5.106080 2.845720 3.666160 3.973770 4.667790 2.357720 3.554980 3.956440 4.939140 2.910190 16.155930 4.471680 6.685040 2.178630 2.764490 4.126390 5.121080
3.113600 4.994030 4.066750 3.542140 6.167110 4.451030 2.778660 3.594590 8.804680 4.810720 2.826520 3.984530 11.403820 36.775960 3.718530 5.308650 8.071600 8.124130 6.068910 4.093370
3.552860 5.824930 8.508210 9.019920 4.538650 6.025980 7.025170 5.694620 4.014840 5.850140 6.605760 4.889500 5.065720 20.164270 4.429220 6.631270 3.684520 4.009330 4.229510 5.042520
2.219170 3.340190 5.355550 5.780490 2.413170 3.631730 4.431110 3.401720 1.813650 3.423200 4.200780 2.827150 2.208650 8.568970 2.760480 3.685130 1.675490 1.844140 2.161970 2.772730
2.425860 3.621950 3.729330 3.576580 2.950220 3.173220 2.751170 5.531400 2.722220 3.157930 3.072580 6.842340 3.371160 23.018070 6.021590 9.361740 2.521390 3.515330 5.963750 7.167900
4.483780 7.501330 5.991180 5.154700 9.329840 6.562980 3.955270 5.258040 13.495360 7.166450 4.031370 5.819530 17.568600 57.492690 5.198230 7.921890 12.349090 12.426760 9.148950 6.022430
24.918840 45.468650 35.764150 30.625110 39.706520 34.849890 24.203300 34.375360 42.677130 31.719000 24.448740 38.335960 56.185170 181.012330 31.579150 54.127420 38.981630 46.249180 53.659560 41.537470
10.034720 17.481460 16.783080 15.711780 14.138160 14.442260 12.332870 25.425830 13.530940 14.758890 13.504180 31.278180 17.555860 120.888210 25.937430 43.972100 12.388940 21.212760 40.869290 33.741530
2.970600 4.656340 4.730490 4.509160 3.731800 3.987240 3.456050 7.200530 3.406060 4.015180 3.866240 8.929540 4.265110 30.663960 7.680070 12.356400 3.136140 4.488510 7.773920 9.440640
2.471920 3.806750 3.171130 2.800240 4.686520 3.443120 2.190080 2.786330 6.637770 3.669350 2.243270 3.087990 8.535090 27.288440 2.989840 4.031970 6.095400 6.122800 4.610740 3.119040
2.349990 3.567570 3.120160 2.808000 4.024980 3.190650 2.174050 3.088580 5.329060 3.299700 2.276530 3.550820 6.806760 25.244870 3.344880 4.697560 4.897620 6.506290 9.043780 3.599000
4.169570 6.900030 6.316250 5.787810 6.278640 5.763150 4.464750 8.188770 6.903630 5.812240 4.817440 9.870880 8.858580 49.549760 8.447080 13.694100 6.326660 13.249160 27.970550 10.473270
4.016100 6.631950 6.606940 6.252930 5.230070 5.535080 4.814200 10.322500 4.717650 5.650110 5.379490 12.823880 5.966610 44.723360 10.789840 17.915540 4.326590 6.344800 11.171720 13.712300
21938.792235
32202.815636
30250.707057
28548.971654
29647.993415
31292.380591
25028.562814
23721.798292
29186.541657
25415.539812
21475.782819
27418.701689
31102.999507
34024.193109
33689.160253
30765.773415
23302.722621
25566.097980
31647.594346
30835.013991
0
1869.755130
514.323903
3108.620114
3382.549883
5307.023938
3680.734306
4815.308329
3313.371881
4122.595867
4536.979079
2069.924741
2600.275651
1983.294653
3493.962964
3944.806759
2176.440652
4783.309615
2861.394097
4212.933927
2459.302215
