0.000	19.964	21.206	17.459	25.762	32.658	39.967	50.439	28.597	30.570	31.342	29.779	34.416	37.319	41.042	47.009	33.047	35.927	37.440	39.547	42.251	43.376	46.903	52.198	40.660	40.548	44.222	46.528	46.075	46.542	47.229	53.483	46.698	45.794	47.802	48.231	48.120	51.262	50.669	52.340	
19.964	0.000	8.224	22.420	13.881	20.707	28.840	43.820	9.569	10.762	12.373	12.868	17.233	20.795	24.734	31.920	13.809	15.967	17.935	20.735	23.566	25.598	29.543	36.087	21.346	20.588	24.258	26.694	26.335	27.024	28.464	36.046	30.185	26.698	28.153	28.267	28.312	31.387	31.034	32.974	
21.206	8.224	0.000	16.832	5.979	13.257	21.399	35.758	15.711	12.451	11.405	8.683	13.248	16.129	19.910	26.310	19.022	18.544	17.688	18.878	21.419	22.210	25.697	31.209	25.727	22.766	26.049	27.133	26.403	26.403	26.349	32.279	36.600	31.109	31.454	29.751	28.574	31.880	30.628	31.865	
17.459	22.420	16.832	0.000	17.010	21.157	26.362	33.739	31.686	29.280	27.845	23.975	27.567	29.039	31.849	35.756	35.484	35.369	33.911	34.124	36.203	35.705	38.222	41.495	42.481	39.513	42.671	43.241	42.352	41.954	40.752	44.284	52.566	47.883	48.275	46.219	44.547	47.875	46.135	46.810	
25.762	13.881	5.979	17.010	0.000	7.359	15.449	29.938	19.747	14.428	11.825	7.302	10.558	12.352	15.674	21.248	22.220	20.084	17.342	17.138	19.197	18.956	21.900	26.515	27.934	23.629	26.405	26.444	25.485	24.977	23.813	28.310	39.988	33.100	32.624	29.681	27.675	30.994	29.141	29.814	
32.658	20.707	13.257	21.157	7.359	0.000	8.168	23.636	24.841	18.137	14.572	10.027	9.914	9.249	11.030	14.792	26.330	22.629	18.096	16.140	17.230	15.498	17.338	20.425	30.647	25.093	27.064	25.814	24.635	23.510	20.937	23.168	43.655	35.335	33.913	29.619	26.697	29.841	27.317	27.213	
39.967	28.840	21.399	26.362	15.449	8.168	0.000	16.505	32.272	25.111	21.334	17.356	15.511	12.972	12.035	10.907	33.178	28.641	23.201	20.060	20.014	16.873	16.758	16.563	36.411	30.163	31.342	28.986	27.684	26.028	22.140	20.829	49.826	40.573	38.406	33.087	29.452	32.202	29.124	28.126	
50.439	43.820	35.758	33.739	29.938	23.636	16.505	0.000	48.444	41.483	37.746	33.529	32.015	29.374	27.755	23.288	49.611	45.144	39.625	36.257	35.787	32.187	30.772	26.946	52.875	46.513	47.410	44.574	43.249	41.356	36.858	32.307	66.322	56.898	54.469	48.726	44.781	47.164	43.819	42.162	
28.597	9.569	15.711	31.686	19.747	24.841	32.272	48.444	0.000	7.546	11.281	14.937	17.520	21.068	24.580	32.105	4.449	8.928	13.688	17.690	20.346	23.548	27.605	34.971	12.068	13.108	16.746	20.258	20.311	21.650	24.584	33.500	20.961	17.295	19.254	20.728	21.912	24.549	25.091	27.617	
30.570	10.762	12.451	29.280	14.428	18.137	25.111	41.483	7.546	0.000	3.810	8.130	10.017	13.528	17.048	24.577	8.193	6.095	7.308	10.729	13.533	16.340	20.417	27.636	13.563	10.455	13.944	15.965	15.574	16.302	18.197	26.578	25.734	18.841	19.004	17.851	17.570	20.692	20.275	22.290	
31.342	12.373	11.405	27.845	11.825	14.572	21.334	37.746	11.281	3.810	0.000	4.791	6.239	9.818	13.474	20.994	11.867	8.350	6.305	8.381	11.201	13.383	17.416	24.381	16.344	11.841	14.833	15.740	15.055	15.254	16.129	23.806	29.096	21.364	20.814	18.404	17.208	20.498	19.441	20.998	
29.779	12.868	8.683	23.975	7.302	10.027	17.356	33.529	14.937	8.130	4.791	0.000	4.669	7.996	11.936	19.052	16.319	13.135	10.052	10.350	12.779	13.602	17.251	23.343	21.135	16.395	19.105	19.272	18.379	18.082	17.681	23.848	33.796	26.133	25.402	22.402	20.574	23.903	22.299	23.318	
34.416	17.233	13.248	27.567	10.558	9.914	15.511	32.015	17.520	10.017	6.239	4.669	0.000	3.672	7.544	14.950	17.798	13.157	8.188	6.702	8.642	8.963	12.585	18.854	21.044	15.210	17.176	16.314	15.239	14.511	13.351	19.180	34.353	25.528	23.998	19.915	17.395	20.671	18.627	19.264	
37.319	20.795	16.129	29.039	12.352	9.249	12.972	29.374	21.068	13.528	9.818	7.996	3.672	0.000	3.943	11.278	21.034	15.922	10.252	7.244	7.987	6.666	9.636	15.347	23.509	17.191	18.519	16.727	15.504	14.276	11.872	16.176	37.000	27.602	25.549	20.665	17.514	20.614	18.073	18.105	
41.042	24.734	19.910	31.849	15.674	11.030	12.035	27.755	24.580	17.048	13.474	11.936	7.544	3.943	0.000	7.531	24.129	18.594	12.567	8.691	8.059	4.911	6.375	11.413	25.699	19.035	19.661	16.985	15.674	13.993	10.363	12.638	39.253	29.298	26.715	21.110	17.417	20.199	17.217	16.576	
47.009	31.920	26.310	35.756	21.248	14.792	10.907	23.288	32.105	24.577	20.994	19.052	14.950	11.278	7.531	0.000	31.513	25.789	19.685	15.543	13.989	10.017	7.588	5.808	32.431	25.605	25.532	21.992	20.681	18.596	13.792	9.996	45.907	35.493	32.374	26.096	21.930	24.039	20.624	18.874	
33.047	13.809	19.022	35.484	22.220	26.330	33.178	49.611	4.449	8.193	11.867	16.319	17.798	21.034	24.129	31.513	0.000	6.172	12.042	16.269	18.626	22.231	26.160	33.691	7.625	9.462	12.904	16.851	17.116	18.737	22.307	31.586	17.776	12.903	14.826	16.770	18.469	20.834	21.782	24.523	
35.927	15.967	18.544	35.369	20.084	22.629	28.641	45.144	8.928	6.095	8.350	13.135	13.157	15.922	18.594	25.789	6.172	0.000	6.108	10.315	12.520	16.232	20.087	27.639	8.033	4.622	8.305	11.361	11.383	12.783	16.143	25.417	21.196	13.025	12.910	12.332	13.019	15.790	16.165	18.709	
37.440	17.935	17.688	33.911	17.342	18.096	23.201	39.625	13.688	7.308	6.305	10.052	8.188	10.252	12.567	19.685	12.042	6.108	0.000	4.232	6.684	10.189	14.135	21.652	13.273	7.045	9.150	9.445	8.755	9.118	10.997	19.822	26.801	17.428	15.829	12.352	10.903	14.196	13.232	15.039	
39.547	20.735	18.878	34.124	17.138	16.140	20.060	36.257	17.690	10.729	8.381	10.350	6.702	7.244	8.691	15.543	16.269	10.315	4.232	0.000	2.841	5.964	9.952	17.437	17.028	10.346	11.297	9.696	8.569	7.840	7.751	15.875	30.577	20.659	18.351	13.492	10.706	13.971	12.012	12.991	
42.251	23.566	21.419	36.203	19.197	17.230	20.014	35.787	20.346	13.533	11.201	12.779	8.642	7.987	8.059	13.989	18.626	12.520	6.684	2.841	0.000	3.978	7.579	15.139	18.493	11.642	11.709	8.980	7.692	6.293	4.979	13.155	31.925	21.556	18.721	13.074	9.590	12.633	10.151	10.625	
43.376	25.598	22.210	35.705	18.956	15.498	16.873	32.187	23.548	16.340	13.383	13.602	8.963	6.666	4.911	10.017	22.231	16.232	10.189	5.964	3.978	0.000	4.077	11.477	22.464	15.617	15.575	12.388	11.063	9.219	5.497	10.449	35.903	25.493	22.514	16.540	12.658	15.330	12.307	11.762	
46.903	29.543	25.697	38.222	21.900	17.338	16.758	30.772	27.605	20.417	17.416	17.251	12.585	9.636	6.375	7.588	26.160	20.087	14.135	9.952	7.579	4.077	0.000	7.560	25.856	19.005	18.396	14.559	13.272	11.116	6.216	6.598	39.113	28.419	25.048	18.609	14.387	16.455	13.058	11.519	
52.198	36.087	31.209	41.495	26.515	20.425	16.563	26.946	34.971	27.636	24.381	23.343	18.854	15.347	11.413	5.808	33.691	27.639	21.652	17.437	15.139	11.477	7.560	0.000	33.304	26.477	25.580	21.403	20.196	17.953	12.933	5.404	46.418	35.568	31.924	25.232	20.904	22.299	18.794	16.367	
40.660	21.346	25.727	42.481	27.934	30.647	36.411	52.875	12.068	13.563	16.344	21.135	21.044	23.509	25.699	32.431	7.625	8.033	13.273	17.028	18.493	22.464	25.856	33.304	0.000	6.859	8.430	13.095	13.900	16.027	20.660	30.095	13.555	5.416	7.447	11.309	14.419	15.815	17.795	20.882	
40.548	20.588	22.766	39.513	23.629	25.093	30.163	46.513	13.108	10.455	11.841	16.395	15.210	17.191	19.035	25.605	9.462	4.622	7.045	10.346	11.642	15.617	19.005	26.477	6.859	0.000	3.705	7.412	7.810	9.683	13.985	23.456	20.308	10.411	9.007	7.738	9.013	11.450	12.355	15.194	
44.222	24.258	26.049	42.671	26.405	27.064	31.342	47.410	16.746	13.944	14.833	19.105	17.176	18.519	19.661	25.532	12.904	8.305	9.150	11.297	11.709	15.575	18.396	25.580	8.430	3.705	0.000	4.669	5.570	7.785	12.680	21.946	20.861	10.023	7.069	4.033	6.018	7.944	9.418	12.469	
46.528	26.694	27.133	43.241	26.444	25.814	28.986	44.574	20.258	15.965	15.740	19.272	16.314	16.727	16.985	21.992	16.851	11.361	9.445	9.696	8.980	12.388	14.559	21.403	13.095	7.412	4.669	0.000	1.326	3.464	8.495	17.463	25.288	14.268	10.534	4.152	1.659	4.771	4.944	7.867	
46.075	26.335	26.403	42.352	25.485	24.635	27.684	43.249	20.311	15.574	15.055	18.379	15.239	15.504	15.674	20.681	17.116	11.383	8.755	8.569	7.692	11.063	13.272	20.196	13.900	7.810	5.570	1.326	0.000	2.251	7.266	16.390	26.370	15.402	11.787	5.478	2.196	5.524	4.799	7.410	
46.542	27.024	26.403	41.954	24.977	23.510	26.028	41.356	21.650	16.302	15.254	18.082	14.511	14.276	13.993	18.596	18.737	12.783	9.118	7.840	6.293	9.219	11.116	17.953	16.027	9.683	7.785	3.464	2.251	0.000	5.032	14.161	28.614	17.653	13.998	7.502	3.438	6.340	4.228	6.024	
47.229	28.464	26.349	40.752	23.813	20.937	22.140	36.858	24.584	18.197	16.129	17.681	13.351	11.872	10.363	13.792	22.307	16.143	10.997	7.751	4.979	5.497	6.216	12.933	20.660	13.985	12.680	8.495	7.266	5.032	0.000	9.472	33.540	22.641	19.029	12.453	8.188	10.306	7.021	6.278	
53.483	36.046	32.279	44.284	28.310	23.168	20.829	32.307	33.500	26.578	23.806	23.848	19.180	16.176	12.638	9.996	31.586	25.417	19.822	15.875	13.155	10.449	6.598	5.404	30.095	23.456	21.946	17.463	16.390	14.161	9.472	0.000	42.747	31.726	27.789	20.972	16.680	17.585	14.134	11.411	
46.698	30.185	36.600	52.566	39.988	43.655	49.826	66.322	20.961	25.734	29.096	33.796	34.353	37.000	39.253	45.907	17.776	21.196	26.801	30.577	31.925	35.903	39.113	46.418	13.555	20.308	20.861	25.288	26.370	28.614	33.540	42.747	0.000	11.084	15.429	22.127	26.206	26.365	29.254	32.390	
45.794	26.698	31.109	47.883	33.100	35.335	40.573	56.898	17.295	18.841	21.364	26.133	25.528	27.602	29.298	35.493	12.903	13.025	17.428	20.659	21.556	25.493	28.419	35.568	5.416	10.411	10.023	14.268	15.402	17.653	22.641	31.726	11.084	0.000	4.569	11.056	15.130	15.377	18.177	21.318	
47.802	28.153	31.454	48.275	32.624	33.913	38.406	54.469	19.254	19.004	20.814	25.402	23.998	25.549	26.715	32.374	14.826	12.910	15.829	18.351	18.721	22.514	25.048	31.924	7.447	9.007	7.069	10.534	11.787	13.998	19.029	27.789	15.429	4.569	0.000	6.837	11.111	10.937	13.927	17.032	
48.231	28.267	29.751	46.219	29.681	29.619	33.087	48.726	20.728	17.851	18.404	22.402	19.915	20.665	21.110	26.096	16.770	12.332	12.352	13.492	13.074	16.540	18.609	25.232	11.309	7.738	4.033	4.152	5.478	7.502	12.453	20.972	22.127	11.056	6.837	0.000	4.329	4.532	7.128	10.264	
48.120	28.312	28.574	44.547	27.675	26.697	29.452	44.781	21.912	17.570	17.208	20.574	17.395	17.514	17.417	21.930	18.469	13.019	10.903	10.706	9.590	12.658	14.387	20.904	14.419	9.013	6.018	1.659	2.196	3.438	8.188	16.680	26.206	15.130	11.111	4.329	0.000	3.329	3.405	6.464	
51.262	31.387	31.880	47.875	30.994	29.841	32.202	47.164	24.549	20.692	20.498	23.903	20.671	20.614	20.199	24.039	20.834	15.790	14.196	13.971	12.633	15.330	16.455	22.299	15.815	11.450	7.944	4.771	5.524	6.340	10.306	17.585	26.365	15.377	10.937	4.532	3.329	0.000	3.507	6.290	
50.669	31.034	30.628	46.135	29.141	27.317	29.124	43.819	25.091	20.275	19.441	22.299	18.627	18.073	17.217	20.624	21.782	16.165	13.232	12.012	10.151	12.307	13.058	18.794	17.795	12.355	9.418	4.944	4.799	4.228	7.021	14.134	29.254	18.177	13.927	7.128	3.405	3.507	0.000	3.150	
52.340	32.974	31.865	46.810	29.814	27.213	28.126	42.162	27.617	22.290	20.998	23.318	19.264	18.105	16.576	18.874	24.523	18.709	15.039	12.991	10.625	11.762	11.519	16.367	20.882	15.194	12.469	7.867	7.410	6.024	6.278	11.411	32.390	21.318	17.032	10.264	6.464	6.290	3.150	0.000	
0.616980 1.510670 1.714620 1.833510 1.439060 0.451730 0.702600 0.512980 0.721060 1.414040 0.633220 1.497190 0.632560 0.355810 0.503370 0.358070 0.506070 0.451910 0.462950 0.496360 0.602740 0.360770 0.484380 0.335660 0.431810 0.717310 1.072130 2.212660 0.380750 0.558340 0.447940 0.512100 0.376760 0.523810 0.461390 0.463230 0.517110 0.362880 0.422880 0.370280
0.961360 2.616450 3.017260 3.236210 2.488510 0.648810 1.124700 0.765060 1.165080 2.465430 1.009200 2.546940 1.015190 0.478230 0.764840 0.480290 0.759910 0.667580 0.678080 0.750310 0.943390 0.488330 0.692320 0.448060 0.628430 1.151120 1.797000 3.896050 0.481820 0.695910 0.649020 0.778820 0.518390 0.802120 0.675150 0.696330 0.756390 0.509340 0.605010 0.533230
3.710920 11.496240 13.439560 14.437750 10.928680 2.281450 4.566380 2.811310 4.766920 10.894080 4.140360 11.097730 4.198570 1.581120 3.003890 1.641220 2.885630 2.510520 2.510390 2.951870 3.833960 1.662580 2.469010 1.448890 2.293930 4.736550 7.701420 17.550300 1.416630 2.006070 2.411230 2.983610 1.763110 3.181900 2.498760 2.702690 2.839440 1.771410 2.168720 1.978350
1.540490 4.494420 5.219850 5.608870 4.267150 0.985200 1.826890 1.191740 1.915750 4.239410 1.652140 4.345190 1.656480 0.689190 1.214290 0.696810 1.195890 1.024860 1.050520 1.190680 1.521880 0.705940 1.031630 0.621290 0.946350 1.860250 3.023060 6.751860 0.654700 0.925180 0.962150 1.216230 0.759860 1.283160 1.045290 1.079240 1.156630 0.736460 0.867800 0.789770
1.158040 3.246020 3.754250 4.030480 4.397980 1.618070 3.119880 1.979910 1.621370 3.060880 1.288190 4.094010 2.909110 1.139580 2.013700 1.033060 1.168190 1.015970 1.265900 2.031510 2.602720 1.156260 1.537840 0.926340 0.936790 1.825880 2.914810 7.264150 0.932590 1.327990 1.495180 1.826140 0.755750 1.258590 1.025740 1.132860 1.375310 0.831520 1.353440 1.229130
0.432700 0.926430 1.028290 1.096410 2.157970 1.154960 2.166260 1.399840 0.665660 0.858470 0.469110 1.817170 2.000050 0.821920 1.378020 0.708250 0.592960 0.528380 0.760890 1.400950 1.807620 0.819930 1.040010 0.641700 0.500380 0.874080 1.344640 3.623230 0.666950 0.953360 0.994070 1.211370 0.425340 0.622590 0.535710 0.601950 0.806850 0.488860 0.905700 0.817550
0.598550 1.461080 1.659280 1.775260 3.548720 1.832790 3.561410 2.249030 1.020850 1.366980 0.688170 2.967160 3.327300 1.286890 2.254670 1.100120 0.897050 0.782260 1.182870 2.300460 2.970340 1.292900 1.640360 0.985070 0.731110 1.374590 2.173020 6.039350 0.987530 1.407560 1.597620 1.952450 0.598200 0.955670 0.792900 0.922550 1.251270 0.726160 1.442610 1.311670
0.535130 1.225430 1.387010 1.479320 2.907620 1.518680 2.908360 1.854080 0.875090 1.154420 0.612210 2.438060 2.716030 1.086800 1.863090 0.937630 0.776560 0.684660 1.004000 1.896590 2.429870 1.090050 1.382160 0.845610 0.640170 1.170990 1.808570 4.940110 0.858780 1.226460 1.355950 1.618130 0.536610 0.826600 0.693690 0.798030 1.071790 0.640300 1.231070 1.114290
0.694190 1.765690 2.017300 2.160420 1.903090 0.633430 1.090730 0.745800 1.693870 1.656590 0.944910 1.884360 0.978560 0.464150 0.885140 0.686070 1.671370 1.450020 1.210180 0.786550 0.917150 0.518880 1.007550 0.618600 1.330580 2.670100 4.294690 8.526540 0.650620 0.919540 0.957320 1.168430 1.053120 1.821860 1.457830 1.445040 1.370030 0.909070 0.868420 0.786630
1.118620 3.150960 3.640770 3.910060 2.993640 0.734250 1.316120 0.877220 1.366070 2.962140 1.171270 3.050750 1.171640 0.517570 0.868170 0.522310 0.867780 0.747370 0.767150 0.851860 1.093430 0.531320 0.764820 0.477120 0.700070 1.321080 2.123580 4.709150 0.510860 0.733550 0.701090 0.888130 0.568320 0.915870 0.763530 0.779820 0.842060 0.550640 0.643520 0.576350
1.629820 4.812580 5.589070 6.009130 4.659190 1.090360 2.061100 1.328460 2.393300 4.530410 1.838100 4.709990 1.858450 0.754340 1.416560 0.852820 1.716910 1.475720 1.390180 1.348390 1.707830 0.791370 1.284020 0.756640 1.350750 2.746200 4.490030 9.737830 0.785400 1.100040 1.211060 1.533020 1.063790 1.866580 1.491700 1.524890 1.551580 0.988940 1.089120 0.993400
2.680660 8.083410 9.420030 10.129880 9.057500 2.571950 5.075240 3.177320 3.590040 7.631110 2.976290 8.787110 4.703650 1.772760 3.279450 1.676860 2.336530 2.023930 2.287850 3.271050 4.211280 1.813710 2.533770 1.486940 1.858130 3.767620 6.143590 14.788310 1.472250 2.080400 2.458800 3.071490 1.440660 2.549260 2.028180 2.229240 2.513730 1.517450 2.206050 2.017030
0.808920 2.198460 2.516460 2.703490 5.565480 2.799540 5.584000 3.470870 1.488430 2.045070 0.946320 4.595240 5.201070 1.917470 3.476750 1.617620 1.288730 1.104860 1.749720 3.551300 4.632400 1.928260 2.455290 1.431210 1.016800 2.021830 3.310020 9.576780 1.404050 1.986630 2.383200 2.992650 0.802760 1.380720 1.120780 1.324300 1.827470 1.004730 2.130140 1.954250
0.383300 0.775600 0.853550 0.908430 1.763390 0.967300 1.772350 1.164240 0.567310 0.715260 0.392900 1.498750 1.625810 0.693170 1.135290 0.599240 0.508730 0.448960 0.643960 1.152640 1.487190 0.687990 0.870950 0.540660 0.429950 0.722090 1.106360 2.911120 0.577870 0.824290 0.819130 1.001740 0.366060 0.520370 0.459460 0.502880 0.676480 0.411520 0.744900 0.673280
0.471170 1.080150 1.204030 1.288520 2.382780 1.226520 2.335490 1.494220 0.813950 0.992770 0.526980 2.018210 2.141520 0.860130 1.693620 1.091000 0.739470 0.645230 0.867710 1.579040 1.935620 0.930170 1.640080 0.972980 0.607660 1.120540 1.778520 6.742360 0.978410 1.378560 1.578920 1.967410 0.500750 0.779110 0.656190 0.883020 1.325770 0.774500 1.421770 1.296970
0.314760 0.572010 0.606890 0.643390 0.860620 0.456440 0.747890 0.528480 0.528720 0.510280 0.332870 0.788100 0.634400 0.337720 0.910840 0.972330 0.516090 0.456930 0.460520 0.647710 0.619810 0.470840 1.460500 0.865580 0.437450 0.744540 1.165560 6.469490 0.883080 1.231630 1.396140 1.742570 0.368630 0.530140 0.465520 0.759760 1.269790 0.756330 1.256690 1.145650
0.338110 0.631680 0.684400 0.726460 0.804610 0.406330 0.629460 0.461170 1.136530 0.578450 0.518280 0.776200 0.543970 0.313430 0.558790 0.504980 1.275260 1.104050 0.895250 0.473770 0.529400 0.353570 0.722680 0.458980 1.018830 2.001800 3.208450 6.172020 0.498940 0.716600 0.669090 0.821140 0.819040 1.378470 1.117690 1.080380 1.008370 0.683480 0.613900 0.550260
0.615550 1.528260 1.730380 1.852790 2.042490 0.813320 1.476400 0.975110 3.032930 1.419200 1.243130 1.913420 1.333800 0.587460 1.359330 1.171490 3.441160 2.984210 2.323980 1.117720 1.226520 0.717030 1.753380 1.049490 2.723680 5.659510 9.216330 18.179160 1.040180 1.462810 1.701140 2.117280 2.080240 3.793850 2.970860 2.955200 2.645610 1.731450 1.534990 1.394220
0.343900 0.672390 0.718720 0.765340 1.156510 0.593790 1.042610 0.705110 0.953080 0.598280 0.463900 1.019560 0.898600 0.425510 0.739700 0.517570 1.031510 0.888270 0.812590 0.685470 0.856940 0.451300 0.760310 0.471730 0.821150 1.593560 2.587490 5.368690 0.507590 0.728990 0.690370 0.890180 0.662720 1.099160 0.904130 0.881630 0.882210 0.578000 0.630880 0.564390
0.697430 1.839140 2.092970 2.247900 4.497450 2.260460 4.477000 2.795200 1.284150 1.703140 0.811330 3.731190 4.153370 1.547690 2.920490 1.516860 1.128170 0.966890 1.461980 2.890100 3.705670 1.591850 2.313480 1.343980 0.894620 1.756390 2.875140 9.332950 1.327960 1.864680 2.241260 2.809460 0.715520 1.207120 0.985950 1.237620 1.772800 0.996500 2.007840 1.839410
0.398970 0.852910 0.936980 1.001200 2.036700 1.087340 2.055100 1.324270 0.606750 0.776940 0.412290 1.691890 1.852950 0.754100 1.275630 0.644150 0.538210 0.475070 0.696530 1.290130 1.701060 0.748480 0.952370 0.578800 0.454940 0.781880 1.230160 3.420700 0.610840 0.870440 0.884460 1.126390 0.382730 0.554870 0.484450 0.536720 0.725360 0.432980 0.802530 0.726880
0.327120 0.640170 0.679230 0.722780 1.441820 0.789690 1.449340 0.951780 0.466010 0.563470 0.319760 1.207790 1.275860 0.548200 0.936680 0.545260 0.422880 0.377490 0.521720 0.914820 1.194340 0.556900 0.804600 0.491380 0.369110 0.602720 0.939610 2.978500 0.525880 0.753320 0.720410 0.953870 0.313860 0.424030 0.384000 0.438970 0.627810 0.375820 0.653760 0.589560
0.474890 0.994390 1.086990 1.157830 1.545690 0.746140 1.304540 0.883880 0.911290 0.902830 0.551100 1.398710 1.143070 0.545340 1.668510 1.776560 0.888090 0.777790 0.781660 1.164340 1.085410 0.799630 2.684000 1.579290 0.731020 1.345520 2.144940 12.336100 1.553870 2.154060 2.613900 3.250420 0.603430 0.939720 0.790880 1.380050 2.345460 1.372550 2.346110 2.144200
0.331510 0.625070 0.668110 0.709020 0.947590 0.489910 0.817530 0.570630 0.575730 0.560370 0.357960 0.865450 0.699990 0.362770 1.010020 1.076310 0.562200 0.494140 0.499030 0.712900 0.677750 0.509790 1.619700 0.959350 0.473040 0.821580 1.293370 7.243660 0.967830 1.345830 1.557190 1.940230 0.396790 0.581450 0.504680 0.839720 1.410560 0.835180 1.399880 1.277710
0.381270 0.802860 0.880850 0.940840 1.051430 0.478600 0.796900 0.556810 1.534200 0.729710 0.644550 0.992990 0.680550 0.349360 0.701630 0.622120 1.730710 1.488100 1.182280 0.580390 0.657040 0.406110 0.914150 0.558010 1.367100 2.769670 4.528150 8.883890 0.592170 0.841500 0.843280 1.079090 1.072130 1.882250 1.503650 1.458690 1.327800 0.879550 0.765150 0.692370
0.898510 2.401140 2.738280 2.941360 3.234800 1.226350 2.309860 1.491130 4.837370 2.228560 1.926580 2.998860 2.074500 0.850860 2.127360 1.806930 5.507550 4.769000 3.681340 1.722440 1.908030 1.060190 2.744160 1.603210 4.338870 9.092960 14.834490 29.246160 1.576260 2.188300 2.659240 3.340280 3.303700 6.091010 4.746350 4.718070 4.206700 2.734900 2.383620 2.181290
1.431230 4.104690 4.743530 5.098710 5.565470 2.007690 3.918700 2.470770 8.369260 3.848390 3.300350 5.146270 3.600970 1.373680 3.664400 3.090270 9.541220 8.288510 6.364510 2.966880 3.240640 1.763290 4.708230 2.732020 7.527830 15.896280 25.896050 51.121340 2.624940 3.639260 4.638920 5.767310 5.687370 10.606410 8.210090 8.235360 7.304090 4.735710 4.146370 3.803930
4.722300 14.660620 17.164290 18.462120 20.825320 7.365670 15.041690 9.193950 13.595480 13.893390 7.348150 19.055120 14.178910 5.049740 14.811780 12.808910 13.276950 11.570450 10.547430 11.840180 12.507030 6.937780 19.585050 11.310660 10.517410 22.243650 36.185520 67.809420 10.580870 14.734080 19.597700 24.123490 7.887110 14.800740 11.415220 18.388510 25.578510 16.041250 17.516980 16.070190
0.955650 2.546110 2.913460 3.124900 3.899560 1.606640 3.077470 1.963050 2.917280 2.378020 1.461670 3.520060 2.826100 1.124010 3.781190 3.848980 3.017010 2.619910 2.351150 2.703270 2.555660 1.705010 5.861590 3.409170 2.397930 4.916150 7.977290 35.427740 3.247720 4.490480 5.810610 7.186940 1.851570 3.314890 2.614620 7.819240 12.958290 8.760210 5.200890 4.764850
1.736000 4.796960 5.518780 5.924320 7.935460 3.341420 6.557170 4.114090 4.351860 4.491000 2.417460 7.043070 6.069000 2.313760 8.662210 9.133450 4.221310 3.672710 3.683390 6.021080 5.443650 3.799860 13.932330 8.075090 3.368380 6.873400 11.149770 66.333410 7.633710 10.565520 13.866020 17.108530 2.593010 4.629470 3.658460 7.120440 12.169200 6.981590 12.404750 11.371040
0.442430 0.933630 1.010470 1.079540 1.465390 0.705950 1.246530 0.838950 0.853600 0.833360 0.493420 1.313760 1.064710 0.497530 1.572940 1.681530 0.831850 0.716670 0.727810 1.084700 1.020950 0.743500 2.557120 1.488780 0.680470 1.245400 2.021750 11.844980 1.477630 2.043360 2.466000 3.104420 0.554950 0.866440 0.735970 1.294830 2.216820 1.286000 2.205600 2.022110
0.486120 1.108420 1.240350 1.325980 1.752100 0.807050 1.456280 0.967400 1.018260 1.026580 0.599620 1.580440 1.312570 0.581240 1.910810 2.035250 0.992810 0.864730 0.870940 1.331730 1.216360 0.885430 3.078410 1.805230 0.800810 1.538430 2.464370 14.332860 1.744360 2.414720 3.034290 3.751690 0.652000 1.062750 0.875420 1.582290 2.697590 1.573510 2.722590 2.490340
0.313690 0.548020 0.585150 0.619680 0.689240 0.367610 0.550800 0.412630 0.961760 0.498550 0.457450 0.674170 0.469880 0.297460 0.487460 0.443240 1.075650 0.933110 0.763630 0.412210 0.466650 0.321990 0.626120 0.405460 0.865480 1.666040 2.661070 5.088500 0.447220 0.647400 0.573390 0.703760 0.701070 1.155000 0.946280 0.910560 0.859140 0.584380 0.533100 0.474000
0.484890 1.125320 1.256770 1.345150 1.487540 0.626740 1.094760 0.742050 2.190130 1.036080 0.912820 1.398680 0.963250 0.459490 0.995560 0.860070 2.480170 2.148840 1.677880 0.815630 0.911470 0.543160 1.285040 0.771370 1.965190 4.038380 6.582920 12.955950 0.788720 1.106500 1.222730 1.532090 1.516870 2.722460 2.148470 2.117490 1.911130 1.256090 1.107530 1.004410
0.335530 0.615450 0.662290 0.702190 0.779780 0.399300 0.611580 0.451830 1.096820 0.562870 0.510280 0.755540 0.527140 0.314270 0.544610 0.490960 1.229900 1.068360 0.865910 0.462600 0.518280 0.352120 0.704220 0.450120 0.984200 1.928330 3.084080 5.917200 0.488200 0.702540 0.654740 0.797290 0.792240 1.327690 1.078740 1.041890 0.977200 0.662640 0.603110 0.538880
0.433310 0.965700 1.064450 1.138640 1.347250 0.593830 1.039830 0.704760 1.486560 0.878730 0.678190 1.246640 0.898990 0.433650 1.053600 0.999410 1.627290 1.403510 1.161820 0.809370 0.857470 0.548660 1.504590 0.891890 1.291150 2.603080 4.244110 11.999480 0.897200 1.256940 1.426540 1.818990 1.011890 1.765800 1.414510 2.971150 4.366430 3.037510 1.287390 1.169620
0.802220 2.067900 2.354230 2.525180 3.107880 1.298470 2.441470 1.576800 2.483290 1.923390 1.211290 2.818900 2.222780 0.903480 2.895240 2.910920 2.594900 2.236720 1.986120 2.098740 2.025570 1.333860 4.420320 2.576550 2.048660 4.185230 6.814810 28.320090 2.480730 3.432880 4.366330 5.395690 1.594770 2.836910 2.249460 7.056570 11.659450 8.016780 3.909080 3.581180
0.407500 0.891950 0.976020 1.044600 1.309810 0.600090 1.056410 0.713130 1.068460 0.803500 0.537480 1.195480 0.908090 0.430400 1.187420 1.195190 1.115260 0.956750 0.861530 0.865850 0.869050 0.588960 1.812060 1.061950 0.888140 1.736550 2.837750 11.577110 1.060610 1.472860 1.736360 2.195720 0.705300 1.189680 0.973330 2.969800 4.904620 3.389700 1.558500 1.424510
0.697630 1.726960 1.950450 2.090470 2.769080 1.225060 2.284330 1.484800 1.581720 1.599110 0.891300 2.480040 2.072580 0.860290 3.041280 3.239420 1.539740 1.323480 1.336670 2.097920 1.901470 1.359220 4.922780 2.870590 1.221170 2.419590 3.924630 23.279850 2.744710 3.784760 4.874270 6.031040 0.976310 1.658600 1.344760 2.512390 4.309240 2.490330 4.363100 3.997690
0.470570 1.120940 1.250000 1.341030 1.797940 0.814860 1.500480 0.983320 1.028600 1.020640 0.560580 1.603160 1.325310 0.556020 1.955610 2.086190 1.001380 0.853050 0.869660 1.345860 1.235200 0.883600 3.185980 1.844530 0.791230 1.534620 2.521980 14.996900 1.793080 2.467290 3.122550 3.887680 0.632640 1.059040 0.874020 1.613630 2.771790 1.600360 2.790990 2.560520
20055.487137
25686.586993
32875.887664
30827.588253
31469.841602
21447.450834
28813.373069
24441.506238
25497.435727
26028.578261
25424.193973
32001.947517
30807.071708
20753.077965
25441.263342
22671.230078
23585.645535
29430.923301
22064.608555
27293.217397
25355.033933
20860.346579
30763.814075
22009.121418
23013.286843
32862.294096
33385.304375
33532.032621
31839.247163
33061.816542
28159.614328
30964.587541
21231.265674
27053.441413
22456.053219
28914.746390
32275.039094
26429.095776
30975.546125
27440.075577
0
1275.242158
350.787926
2120.193901
2307.024136
3619.586625
2510.396941
3284.218391
2259.842180
2811.762870
3094.387548
1411.765237
1773.484175
1352.680313
2383.011978
2690.504122
1484.413028
3262.394085
1951.576613
2873.376768
1677.335077
3013.022291
1162.236430
2762.145224
335.877248
1128.619409
1802.506395
965.983680
411.817950
3420.631302
3661.205608
763.351373
1023.670254
339.790327
2549.708620
2996.857736
3625.540298
1387.902355
2608.872921
2213.179271
527.462018